%  columns="iteration, evaluation, sigma, max axis length, min axis length, all principal axes lengths (sorted square roots of eigenvalues of C)" (startseed=212695, 2017/09/27 23:0:50.97)
1 13 3.681300e-01 1.038516e+00 9.923650e-01 9.923650e-01 9.923650e-01 9.923650e-01 9.923650e-01 9.923650e-01 9.923650e-01 9.923650e-01 9.923650e-01 9.923650e-01 9.923650e-01 9.923650e-01 9.923650e-01 9.936728e-01 9.963200e-01 9.996806e-01 1.011472e+00 1.023928e+00 1.038516e+00 
2 25 3.430158e-01 1.044902e+00 9.847882e-01 9.847882e-01 9.847882e-01 9.847882e-01 9.847882e-01 9.847882e-01 9.847882e-01 9.850974e-01 9.858083e-01 9.868844e-01 9.876458e-01 9.883689e-01 9.899923e-01 9.945169e-01 9.981705e-01 1.001565e+00 1.013330e+00 1.033832e+00 1.044902e+00 
3 37 3.285387e-01 1.069890e+00 9.772721e-01 9.772721e-01 9.774766e-01 9.775233e-01 9.780347e-01 9.785869e-01 9.790212e-01 9.794300e-01 9.799311e-01 9.816840e-01 9.835743e-01 9.903299e-01 9.937224e-01 9.955045e-01 1.003818e+00 1.011947e+00 1.026438e+00 1.043850e+00 1.069890e+00 
4 49 3.254141e-01 1.073801e+00 9.700708e-01 9.700708e-01 9.703189e-01 9.710781e-01 9.715439e-01 9.722247e-01 9.724873e-01 9.741342e-01 9.765448e-01 9.798058e-01 9.855990e-01 9.875899e-01 9.918924e-01 9.979542e-01 1.007814e+00 1.019856e+00 1.034397e+00 1.061345e+00 1.073801e+00 
5 61 3.190741e-01 1.092801e+00 9.627859e-01 9.627859e-01 9.634573e-01 9.643406e-01 9.657554e-01 9.677343e-01 9.700793e-01 9.718217e-01 9.750648e-01 9.785680e-01 9.811309e-01 9.878055e-01 9.891883e-01 1.004599e+00 1.010039e+00 1.013674e+00 1.037598e+00 1.067725e+00 1.092801e+00 
6 73 3.073340e-01 1.102842e+00 9.560861e-01 9.560861e-01 9.574869e-01 9.596704e-01 9.616431e-01 9.624741e-01 9.660205e-01 9.678897e-01 9.710971e-01 9.732282e-01 9.803389e-01 9.836227e-01 9.883499e-01 1.003001e+00 1.005722e+00 1.014102e+00 1.045228e+00 1.061300e+00 1.102842e+00 
7 85 2.953808e-01 1.109071e+00 9.506364e-01 9.506364e-01 9.507745e-01 9.538672e-01 9.561988e-01 9.587071e-01 9.612011e-01 9.623213e-01 9.681088e-01 9.712499e-01 9.775728e-01 9.847302e-01 9.905358e-01 9.991988e-01 1.008752e+00 1.016458e+00 1.039299e+00 1.063771e+00 1.109071e+00 
8 97 2.910296e-01 1.128461e+00 9.438808e-01 9.438808e-01 9.451880e-01 9.472330e-01 9.511405e-01 9.525867e-01 9.572586e-01 9.598106e-01 9.656884e-01 9.660162e-01 9.761114e-01 9.806314e-01 9.901159e-01 9.953630e-01 1.009966e+00 1.016806e+00 1.049037e+00 1.066688e+00 1.128461e+00 
9 109 2.900880e-01 1.145443e+00 9.372328e-01 9.372328e-01 9.403410e-01 9.434038e-01 9.457801e-01 9.493375e-01 9.527475e-01 9.559277e-01 9.606853e-01 9.706863e-01 9.783404e-01 9.842381e-01 9.863730e-01 1.002673e+00 1.005372e+00 1.018167e+00 1.044757e+00 1.067069e+00 1.145443e+00 
10 121 2.952281e-01 1.176600e+00 9.316153e-01 9.316153e-01 9.354575e-01 9.380461e-01 9.408220e-01 9.445721e-01 9.480401e-01 9.519506e-01 9.549415e-01 9.650299e-01 9.736970e-01 9.801526e-01 9.905591e-01 9.997458e-01 1.004040e+00 1.029060e+00 1.040394e+00 1.070481e+00 1.176600e+00 
11 133 2.880186e-01 1.184867e+00 9.275194e-01 9.275194e-01 9.309366e-01 9.355881e-01 9.373923e-01 9.389429e-01 9.429608e-01 9.488928e-01 9.505109e-01 9.586091e-01 9.670715e-01 9.797008e-01 9.887860e-01 9.975476e-01 1.014601e+00 1.026308e+00 1.035379e+00 1.067457e+00 1.184867e+00 
12 145 2.747364e-01 1.189151e+00 9.231697e-01 9.231697e-01 9.246561e-01 9.312538e-01 9.330131e-01 9.360344e-01 9.389305e-01 9.435419e-01 9.508870e-01 9.554461e-01 9.650489e-01 9.733096e-01 9.857233e-01 9.919380e-01 1.012386e+00 1.023249e+00 1.030787e+00 1.063319e+00 1.189151e+00 
13 157 2.658049e-01 1.191928e+00 9.174975e-01 9.174975e-01 9.201212e-01 9.259685e-01 9.282259e-01 9.321838e-01 9.334610e-01 9.433274e-01 9.489052e-01 9.550377e-01 9.668239e-01 9.732977e-01 9.822893e-01 9.949020e-01 1.010598e+00 1.027954e+00 1.030324e+00 1.064536e+00 1.191928e+00 
14 169 2.664885e-01 1.195202e+00 9.121240e-01 9.121240e-01 9.145825e-01 9.203649e-01 9.237117e-01 9.259486e-01 9.297807e-01 9.390445e-01 9.508537e-01 9.509712e-01 9.681285e-01 9.751519e-01 9.770080e-01 9.920096e-01 1.006995e+00 1.024099e+00 1.054920e+00 1.061023e+00 1.195202e+00 
15 181 2.566910e-01 1.198967e+00 9.071325e-01 9.071325e-01 9.109806e-01 9.141298e-01 9.216695e-01 9.247489e-01 9.315607e-01 9.353479e-01 9.468434e-01 9.489929e-01 9.628511e-01 9.711742e-01 9.832878e-01 9.940273e-01 1.009187e+00 1.022077e+00 1.056775e+00 1.058442e+00 1.198967e+00 
16 193 2.526152e-01 1.192133e+00 9.022717e-01 9.022717e-01 9.056419e-01 9.080396e-01 9.173809e-01 9.201397e-01 9.290749e-01 9.366662e-01 9.456095e-01 9.472590e-01 9.641703e-01 9.661058e-01 9.813817e-01 9.919938e-01 1.010100e+00 1.017906e+00 1.050604e+00 1.077486e+00 1.192133e+00 
17 205 2.378596e-01 1.191022e+00 8.979947e-01 8.979947e-01 9.004789e-01 9.051251e-01 9.114436e-01 9.157479e-01 9.252506e-01 9.345040e-01 9.399725e-01 9.514494e-01 9.587489e-01 9.645851e-01 9.803173e-01 9.901634e-01 1.007611e+00 1.036448e+00 1.049461e+00 1.091512e+00 1.191022e+00 
18 217 2.292428e-01 1.184630e+00 8.935906e-01 8.935906e-01 8.958067e-01 9.007672e-01 9.088879e-01 9.193639e-01 9.201041e-01 9.318304e-01 9.421501e-01 9.518428e-01 9.591928e-01 9.703526e-01 9.808777e-01 9.880769e-01 1.002658e+00 1.033511e+00 1.044713e+00 1.105318e+00 1.184630e+00 
19 229 2.191541e-01 1.182439e+00 8.881774e-01 8.881774e-01 8.905361e-01 9.003654e-01 9.034742e-01 9.140791e-01 9.182103e-01 9.299677e-01 9.440755e-01 9.509586e-01 9.522701e-01 9.727903e-01 9.791680e-01 9.869446e-01 9.990077e-01 1.027302e+00 1.047262e+00 1.104534e+00 1.182439e+00 
20 241 2.127213e-01 1.183879e+00 8.825483e-01 8.825483e-01 8.843220e-01 8.963553e-01 8.993409e-01 9.112295e-01 9.160034e-01 9.265960e-01 9.413580e-01 9.449108e-01 9.544511e-01 9.746641e-01 9.807420e-01 9.891344e-01 1.000056e+00 1.028952e+00 1.046436e+00 1.100421e+00 1.183879e+00 
21 253 2.034502e-01 1.180696e+00 8.775587e-01 8.775587e-01 8.796819e-01 8.930109e-01 8.963543e-01 9.060475e-01 9.159902e-01 9.213138e-01 9.352554e-01 9.420211e-01 9.528514e-01 9.684644e-01 9.798705e-01 9.875418e-01 9.964552e-01 1.025641e+00 1.051923e+00 1.099275e+00 1.180696e+00 
22 265 1.982811e-01 1.174670e+00 8.712663e-01 8.712663e-01 8.740518e-01 8.898346e-01 8.960069e-01 9.011304e-01 9.110112e-01 9.191174e-01 9.314865e-01 9.394796e-01 9.509863e-01 9.664579e-01 9.767986e-01 9.834616e-01 9.987838e-01 1.019988e+00 1.071044e+00 1.094633e+00 1.174670e+00 
23 277 1.931671e-01 1.184046e+00 8.667180e-01 8.667180e-01 8.699573e-01 8.865659e-01 8.920795e-01 8.974565e-01 9.058985e-01 9.193416e-01 9.250568e-01 9.446616e-01 9.469984e-01 9.690677e-01 9.805074e-01 9.901016e-01 9.964303e-01 1.014179e+00 1.077864e+00 1.096826e+00 1.184046e+00 
24 289 1.897162e-01 1.189140e+00 8.615981e-01 8.615981e-01 8.642533e-01 8.854967e-01 8.890130e-01 8.913122e-01 9.025258e-01 9.179180e-01 9.242249e-01 9.405233e-01 9.570307e-01 9.679491e-01 9.775793e-01 9.910224e-01 9.951669e-01 1.007179e+00 1.077930e+00 1.092562e+00 1.189140e+00 
25 301 1.912596e-01 1.195872e+00 8.559637e-01 8.559637e-01 8.589003e-01 8.797536e-01 8.850746e-01 8.927062e-01 9.054558e-01 9.172943e-01 9.181045e-01 9.375380e-01 9.538630e-01 9.666488e-01 9.735225e-01 9.873285e-01 1.002896e+00 1.017642e+00 1.072246e+00 1.108222e+00 1.195872e+00 
26 313 1.889627e-01 1.199962e+00 8.496486e-01 8.496486e-01 8.589857e-01 8.778511e-01 8.808509e-01 8.902337e-01 9.014153e-01 9.135386e-01 9.161682e-01 9.356245e-01 9.532269e-01 9.648518e-01 9.814947e-01 9.919842e-01 1.003060e+00 1.017872e+00 1.067694e+00 1.110255e+00 1.199962e+00 
27 325 1.862555e-01 1.198315e+00 8.447647e-01 8.447647e-01 8.571742e-01 8.740323e-01 8.786274e-01 8.885896e-01 8.977289e-01 9.071291e-01 9.178048e-01 9.316567e-01 9.505520e-01 9.596034e-01 9.834269e-01 9.853393e-01 1.002277e+00 1.022222e+00 1.062416e+00 1.138136e+00 1.198315e+00 
28 337 1.817904e-01 1.191975e+00 8.386902e-01 8.386902e-01 8.523663e-01 8.719806e-01 8.740807e-01 8.873326e-01 8.966404e-01 9.076168e-01 9.139636e-01 9.260050e-01 9.462832e-01 9.579275e-01 9.795310e-01 9.875240e-01 1.006441e+00 1.026184e+00 1.058127e+00 1.141012e+00 1.191975e+00 
29 349 1.756754e-01 1.186197e+00 8.330128e-01 8.330128e-01 8.480270e-01 8.687733e-01 8.718738e-01 8.838340e-01 8.936531e-01 9.020412e-01 9.140481e-01 9.209267e-01 9.407123e-01 9.543606e-01 9.763188e-01 9.895450e-01 1.001233e+00 1.022832e+00 1.055163e+00 1.160166e+00 1.186197e+00 
30 361 1.690671e-01 1.189989e+00 8.290661e-01 8.290661e-01 8.436178e-01 8.663009e-01 8.699275e-01 8.806129e-01 8.895103e-01 8.977802e-01 9.154779e-01 9.231378e-01 9.376866e-01 9.578516e-01 9.716255e-01 9.947589e-01 9.968245e-01 1.024763e+00 1.057454e+00 1.158203e+00 1.189989e+00 
31 373 1.642500e-01 1.185971e+00 8.246809e-01 8.246809e-01 8.387209e-01 8.605070e-01 8.675117e-01 8.802929e-01 8.835190e-01 8.941880e-01 9.100278e-01 9.249988e-01 9.346569e-01 9.557508e-01 9.672693e-01 9.908951e-01 9.968469e-01 1.031632e+00 1.059646e+00 1.157946e+00 1.185971e+00 
32 385 1.572393e-01 1.187693e+00 8.200887e-01 8.200887e-01 8.335271e-01 8.548386e-01 8.632786e-01 8.783441e-01 8.867991e-01 8.950987e-01 9.053615e-01 9.207588e-01 9.341599e-01 9.531621e-01 9.628507e-01 9.889785e-01 9.951544e-01 1.026913e+00 1.058715e+00 1.153436e+00 1.187693e+00 
33 397 1.568018e-01 1.188151e+00 8.148038e-01 8.148038e-01 8.289769e-01 8.524915e-01 8.587832e-01 8.752004e-01 8.837877e-01 8.990802e-01 9.018719e-01 9.276036e-01 9.496410e-01 9.561028e-01 9.591838e-01 9.854269e-01 1.004330e+00 1.031303e+00 1.056217e+00 1.147081e+00 1.188151e+00 
34 409 1.586591e-01 1.183374e+00 8.090253e-01 8.090253e-01 8.246806e-01 8.479259e-01 8.572315e-01 8.734190e-01 8.799025e-01 8.936139e-01 9.082964e-01 9.264895e-01 9.455522e-01 9.549440e-01 9.670933e-01 9.850731e-01 1.008021e+00 1.025320e+00 1.057486e+00 1.147715e+00 1.183374e+00 
35 421 1.596971e-01 1.179221e+00 8.032313e-01 8.032313e-01 8.209935e-01 8.444433e-01 8.523443e-01 8.702255e-01 8.757500e-01 8.906606e-01 9.053792e-01 9.209872e-01 9.428236e-01 9.509299e-01 9.685818e-01 9.937967e-01 1.007501e+00 1.018868e+00 1.073298e+00 1.144315e+00 1.179221e+00 
36 433 1.610267e-01 1.193000e+00 8.035791e-01 8.035791e-01 8.188624e-01 8.414836e-01 8.566651e-01 8.650542e-01 8.766648e-01 8.860621e-01 9.002678e-01 9.276276e-01 9.376565e-01 9.451640e-01 9.630059e-01 9.913182e-01 1.012986e+00 1.019674e+00 1.080517e+00 1.150239e+00 1.193000e+00 
37 445 1.515481e-01 1.198545e+00 7.976406e-01 7.976406e-01 8.143863e-01 8.461922e-01 8.519377e-01 8.625962e-01 8.713612e-01 8.823382e-01 8.990708e-01 9.264183e-01 9.325633e-01 9.401008e-01 9.568004e-01 9.860526e-01 1.007891e+00 1.019265e+00 1.078417e+00 1.144466e+00 1.198545e+00 
38 457 1.461037e-01 1.191604e+00 7.931219e-01 7.931219e-01 8.101678e-01 8.470688e-01 8.475559e-01 8.606636e-01 8.685906e-01 8.784749e-01 8.994740e-01 9.226223e-01 9.266836e-01 9.396275e-01 9.525582e-01 9.948029e-01 1.004364e+00 1.031708e+00 1.079152e+00 1.148135e+00 1.191604e+00 
39 469 1.428351e-01 1.185402e+00 7.879810e-01 7.879810e-01 8.068168e-01 8.423046e-01 8.450445e-01 8.569694e-01 8.667509e-01 8.728960e-01 8.937782e-01 9.240993e-01 9.289760e-01 9.359323e-01 9.513303e-01 9.910195e-01 1.001442e+00 1.044636e+00 1.077848e+00 1.142271e+00 1.185402e+00 
40 481 1.423936e-01 1.184588e+00 7.829792e-01 7.829792e-01 8.017529e-01 8.389255e-01 8.458452e-01 8.587850e-01 8.640824e-01 8.716281e-01 8.924892e-01 9.213816e-01 9.269127e-01 9.364009e-01 9.629648e-01 9.875246e-01 1.002559e+00 1.047305e+00 1.074465e+00 1.141347e+00 1.184588e+00 
41 493 1.340664e-01 1.178495e+00 7.790771e-01 7.790771e-01 7.995304e-01 8.345823e-01 8.415176e-01 8.535581e-01 8.647046e-01 8.758366e-01 8.877390e-01 9.172898e-01 9.238369e-01 9.307380e-01 9.630782e-01 9.848301e-01 9.986640e-01 1.047184e+00 1.080060e+00 1.140077e+00 1.178495e+00 
42 505 1.311979e-01 1.172657e+00 7.737142e-01 7.737142e-01 7.948600e-01 8.314103e-01 8.365388e-01 8.530937e-01 8.641980e-01 8.734220e-01 8.854800e-01 9.115410e-01 9.205627e-01 9.263494e-01 9.615254e-01 9.818873e-01 9.944115e-01 1.072151e+00 1.078830e+00 1.143516e+00 1.172657e+00 
43 517 1.294758e-01 1.166506e+00 7.696058e-01 7.696058e-01 7.941577e-01 8.304438e-01 8.319394e-01 8.598745e-01 8.654801e-01 8.750672e-01 8.835110e-01 9.060696e-01 9.160710e-01 9.244358e-01 9.582823e-01 9.782375e-01 9.935953e-01 1.074851e+00 1.083660e+00 1.138081e+00 1.166506e+00 
44 529 1.243256e-01 1.162808e+00 7.649796e-01 7.649796e-01 7.892747e-01 8.275601e-01 8.290482e-01 8.551306e-01 8.632270e-01 8.765386e-01 8.787071e-01 9.044788e-01 9.146707e-01 9.219684e-01 9.525905e-01 9.739113e-01 9.917755e-01 1.075763e+00 1.087147e+00 1.139657e+00 1.162808e+00 
45 541 1.255969e-01 1.158713e+00 7.609314e-01 7.609314e-01 7.840617e-01 8.227540e-01 8.284896e-01 8.508943e-01 8.583329e-01 8.718657e-01 8.754291e-01 9.022270e-01 9.171224e-01 9.348168e-01 9.528831e-01 9.715768e-01 1.008068e+00 1.088262e+00 1.093077e+00 1.138256e+00 1.158713e+00 
46 553 1.258307e-01 1.153671e+00 7.558637e-01 7.558637e-01 7.798871e-01 8.180388e-01 8.243864e-01 8.459289e-01 8.546310e-01 8.667903e-01 8.713398e-01 8.999373e-01 9.139211e-01 9.381829e-01 9.493266e-01 9.704439e-01 1.011082e+00 1.086647e+00 1.102407e+00 1.145490e+00 1.153671e+00 
47 565 1.314736e-01 1.193539e+00 7.510452e-01 7.510452e-01 7.865031e-01 8.155921e-01 8.338001e-01 8.433536e-01 8.518493e-01 8.614470e-01 8.726752e-01 8.964020e-01 9.122974e-01 9.392542e-01 9.445213e-01 9.682626e-01 1.006797e+00 1.085207e+00 1.098439e+00 1.143257e+00 1.193539e+00 
48 577 1.395214e-01 1.214231e+00 7.458452e-01 7.458452e-01 7.833713e-01 8.148104e-01 8.291095e-01 8.391952e-01 8.473344e-01 8.628396e-01 8.685253e-01 8.987076e-01 9.281005e-01 9.354881e-01 9.564000e-01 9.777723e-01 1.010896e+00 1.079778e+00 1.092235e+00 1.135775e+00 1.214231e+00 
49 589 1.552744e-01 1.232568e+00 7.426355e-01 7.426355e-01 7.794032e-01 8.132446e-01 8.296090e-01 8.365292e-01 8.455169e-01 8.634036e-01 8.670628e-01 8.964273e-01 9.247903e-01 9.326929e-01 9.666736e-01 9.798282e-01 1.025552e+00 1.075273e+00 1.090389e+00 1.138707e+00 1.232568e+00 
50 601 1.704195e-01 1.240941e+00 7.380018e-01 7.380018e-01 7.752470e-01 8.124592e-01 8.263163e-01 8.313721e-01 8.430211e-01 8.599109e-01 8.628176e-01 8.927808e-01 9.273441e-01 9.331020e-01 9.645438e-01 9.770839e-01 1.035883e+00 1.073197e+00 1.104943e+00 1.137475e+00 1.240941e+00 
51 613 1.777395e-01 1.240906e+00 7.335824e-01 7.335824e-01 7.698946e-01 8.127636e-01 8.249326e-01 8.260389e-01 8.401293e-01 8.593034e-01 8.622777e-01 8.876481e-01 9.233688e-01 9.291149e-01 9.579060e-01 9.737549e-01 1.032292e+00 1.067281e+00 1.113513e+00 1.149607e+00 1.240906e+00 
52 625 1.851404e-01 1.246482e+00 7.287940e-01 7.287940e-01 7.662274e-01 8.082841e-01 8.206172e-01 8.243008e-01 8.356641e-01 8.548617e-01 8.617307e-01 8.914899e-01 9.222391e-01 9.256960e-01 9.548931e-01 9.685041e-01 1.031341e+00 1.059954e+00 1.107945e+00 1.179510e+00 1.246482e+00 
53 637 1.929170e-01 1.246196e+00 7.243895e-01 7.243895e-01 7.625981e-01 8.042037e-01 8.182696e-01 8.201895e-01 8.379140e-01 8.549664e-01 8.636053e-01 8.878681e-01 9.171261e-01 9.308885e-01 9.540251e-01 9.630272e-01 1.026669e+00 1.056468e+00 1.103598e+00 1.206418e+00 1.246196e+00 
54 649 1.906704e-01 1.254902e+00 7.196654e-01 7.196654e-01 7.590500e-01 8.002866e-01 8.127692e-01 8.158438e-01 8.337495e-01 8.507821e-01 8.601198e-01 8.858476e-01 9.114032e-01 9.274360e-01 9.486326e-01 9.563778e-01 1.020302e+00 1.057045e+00 1.100064e+00 1.211211e+00 1.254902e+00 
55 661 1.912505e-01 1.257600e+00 7.172145e-01 7.172145e-01 7.541886e-01 8.020635e-01 8.101423e-01 8.178618e-01 8.324916e-01 8.489284e-01 8.740328e-01 8.832302e-01 9.088914e-01 9.310744e-01 9.436498e-01 9.501528e-01 1.017721e+00 1.053036e+00 1.093000e+00 1.207960e+00 1.257600e+00 
56 673 1.821491e-01 1.257697e+00 7.120445e-01 7.120445e-01 7.495596e-01 7.998782e-01 8.052309e-01 8.137836e-01 8.312606e-01 8.467807e-01 8.714518e-01 8.785935e-01 9.092761e-01 9.305571e-01 9.397048e-01 9.453749e-01 1.018983e+00 1.049497e+00 1.088590e+00 1.206170e+00 1.257697e+00 
57 685 1.733266e-01 1.260699e+00 7.082050e-01 7.082050e-01 7.445917e-01 7.978103e-01 8.020973e-01 8.124071e-01 8.274623e-01 8.450201e-01 8.657668e-01 8.728203e-01 9.057096e-01 9.282448e-01 9.335534e-01 9.503088e-01 1.016234e+00 1.044091e+00 1.082614e+00 1.205947e+00 1.260699e+00 
58 697 1.710268e-01 1.269901e+00 7.043844e-01 7.043844e-01 7.396210e-01 7.933442e-01 8.033383e-01 8.119912e-01 8.245937e-01 8.467295e-01 8.639895e-01 8.715357e-01 9.054948e-01 9.238319e-01 9.309916e-01 9.652506e-01 1.029770e+00 1.037643e+00 1.088173e+00 1.200128e+00 1.269901e+00 
59 709 1.682224e-01 1.271223e+00 6.999778e-01 6.999778e-01 7.348464e-01 7.968471e-01 8.004048e-01 8.079842e-01 8.205913e-01 8.537553e-01 8.683300e-01 8.693279e-01 9.021358e-01 9.211875e-01 9.271769e-01 9.636839e-01 1.032509e+00 1.035230e+00 1.087487e+00 1.197831e+00 1.271223e+00 
60 721 1.693962e-01 1.264018e+00 6.955516e-01 6.955516e-01 7.303228e-01 7.943658e-01 7.987063e-01 8.064270e-01 8.167543e-01 8.525944e-01 8.622007e-01 8.914640e-01 8.987812e-01 9.188175e-01 9.233229e-01 9.700964e-01 1.028609e+00 1.057698e+00 1.081143e+00 1.191370e+00 1.264018e+00 
61 733 1.701074e-01 1.263446e+00 6.912585e-01 6.912585e-01 7.274938e-01 7.890449e-01 7.954622e-01 8.033844e-01 8.117867e-01 8.489289e-01 8.710688e-01 8.929127e-01 8.999284e-01 9.140232e-01 9.204033e-01 9.737702e-01 1.027694e+00 1.062894e+00 1.077502e+00 1.184412e+00 1.263446e+00 
62 745 1.764331e-01 1.266377e+00 6.865013e-01 6.865013e-01 7.241910e-01 7.849856e-01 7.921474e-01 7.980746e-01 8.083516e-01 8.455581e-01 8.726713e-01 8.957131e-01 9.003228e-01 9.159199e-01 9.305202e-01 9.745958e-01 1.023929e+00 1.060688e+00 1.088038e+00 1.176619e+00 1.266377e+00 
63 757 1.785565e-01 1.269287e+00 6.820827e-01 6.820827e-01 7.199932e-01 7.839849e-01 7.938738e-01 7.969048e-01 8.055556e-01 8.410435e-01 8.764703e-01 8.931192e-01 8.969311e-01 9.135192e-01 9.333155e-01 9.742379e-01 1.026053e+00 1.062330e+00 1.090573e+00 1.172465e+00 1.269287e+00 
64 769 1.765013e-01 1.270736e+00 6.792114e-01 6.792114e-01 7.154488e-01 7.812014e-01 7.927653e-01 7.945161e-01 8.009646e-01 8.457900e-01 8.720827e-01 8.928679e-01 8.975003e-01 9.083589e-01 9.320175e-01 9.739178e-01 1.034224e+00 1.057772e+00 1.099505e+00 1.177908e+00 1.270736e+00 
65 781 1.784339e-01 1.276767e+00 6.760629e-01 6.760629e-01 7.110395e-01 7.809458e-01 7.912470e-01 7.931014e-01 8.063462e-01 8.461618e-01 8.697748e-01 8.903273e-01 8.928735e-01 9.120054e-01 9.282988e-01 9.735378e-01 1.029759e+00 1.056715e+00 1.112816e+00 1.181008e+00 1.276767e+00 
66 793 1.757056e-01 1.277727e+00 6.723005e-01 6.723005e-01 7.083151e-01 7.773190e-01 7.876601e-01 7.945840e-01 8.048813e-01 8.454215e-01 8.663754e-01 8.847807e-01 8.894431e-01 9.149746e-01 9.301095e-01 9.759630e-01 1.032198e+00 1.051443e+00 1.118225e+00 1.183765e+00 1.277727e+00 
67 805 1.739052e-01 1.295826e+00 6.696043e-01 6.696043e-01 7.038844e-01 7.742205e-01 7.852832e-01 7.906307e-01 8.004558e-01 8.470097e-01 8.650270e-01 8.811880e-01 8.884062e-01 9.087608e-01 9.273590e-01 9.801679e-01 1.032552e+00 1.047975e+00 1.126387e+00 1.180957e+00 1.295826e+00 
68 817 1.699084e-01 1.295178e+00 6.653819e-01 6.653819e-01 7.036096e-01 7.694634e-01 7.835898e-01 7.896559e-01 8.010133e-01 8.449312e-01 8.624072e-01 8.754345e-01 8.876631e-01 9.036683e-01 9.222945e-01 9.770212e-01 1.035085e+00 1.044172e+00 1.126388e+00 1.187233e+00 1.295178e+00 
69 829 1.628346e-01 1.289914e+00 6.613726e-01 6.613726e-01 7.009898e-01 7.640146e-01 7.842229e-01 7.890963e-01 8.030266e-01 8.429626e-01 8.599603e-01 8.735694e-01 8.880216e-01 8.994605e-01 9.183123e-01 9.754833e-01 1.030881e+00 1.041283e+00 1.120547e+00 1.195466e+00 1.289914e+00 
70 841 1.565298e-01 1.300470e+00 6.575735e-01 6.575735e-01 6.963364e-01 7.610796e-01 7.797581e-01 7.855143e-01 8.073107e-01 8.442840e-01 8.584369e-01 8.695254e-01 8.845296e-01 8.932818e-01 9.167295e-01 9.741438e-01 1.027079e+00 1.039985e+00 1.114146e+00 1.198491e+00 1.300470e+00 
71 853 1.543064e-01 1.298829e+00 6.555769e-01 6.555769e-01 6.965354e-01 7.576111e-01 7.746496e-01 7.896521e-01 8.182898e-01 8.432676e-01 8.566541e-01 8.646183e-01 8.865647e-01 8.924724e-01 9.126719e-01 9.714035e-01 1.029374e+00 1.039713e+00 1.108707e+00 1.201981e+00 1.298829e+00 
72 865 1.570920e-01 1.293333e+00 6.520986e-01 6.520986e-01 6.927179e-01 7.543747e-01 7.729252e-01 7.859003e-01 8.223170e-01 8.432626e-01 8.527980e-01 8.610001e-01 8.853515e-01 8.976674e-01 9.090368e-01 9.907839e-01 1.031848e+00 1.040637e+00 1.113556e+00 1.209602e+00 1.293333e+00 
73 877 1.581684e-01 1.284947e+00 6.480909e-01 6.480909e-01 6.899311e-01 7.543845e-01 7.707303e-01 7.820753e-01 8.309768e-01 8.406042e-01 8.488647e-01 8.582680e-01 8.816545e-01 8.997215e-01 9.171792e-01 9.935969e-01 1.024494e+00 1.039946e+00 1.111745e+00 1.213890e+00 1.284947e+00 
74 889 1.509138e-01 1.281114e+00 6.453980e-01 6.453980e-01 6.856439e-01 7.542486e-01 7.692741e-01 7.801474e-01 8.308402e-01 8.381872e-01 8.472374e-01 8.542331e-01 8.782178e-01 8.980857e-01 9.148155e-01 9.924518e-01 1.017722e+00 1.046072e+00 1.107808e+00 1.208641e+00 1.281114e+00 
75 901 1.428783e-01 1.279882e+00 6.425694e-01 6.425694e-01 6.825126e-01 7.534808e-01 7.662607e-01 7.751042e-01 8.283627e-01 8.339002e-01 8.426433e-01 8.517667e-01 8.774694e-01 8.973495e-01 9.110501e-01 9.869853e-01 1.012321e+00 1.052134e+00 1.104880e+00 1.210109e+00 1.279882e+00 
76 913 1.339966e-01 1.272260e+00 6.383645e-01 6.383645e-01 6.777116e-01 7.519742e-01 7.625201e-01 7.731757e-01 8.278389e-01 8.342128e-01 8.407784e-01 8.487197e-01 8.735114e-01 8.928434e-01 9.129024e-01 9.837460e-01 1.010575e+00 1.051064e+00 1.104215e+00 1.216373e+00 1.272260e+00 
77 925 1.278857e-01 1.266193e+00 6.350906e-01 6.350906e-01 6.740429e-01 7.508949e-01 7.638150e-01 7.690090e-01 8.256420e-01 8.318005e-01 8.391408e-01 8.461092e-01 8.717189e-01 8.872868e-01 9.103591e-01 9.806867e-01 1.005679e+00 1.047420e+00 1.101862e+00 1.227939e+00 1.266193e+00 
78 937 1.235468e-01 1.259066e+00 6.315495e-01 6.315495e-01 6.702615e-01 7.486540e-01 7.589020e-01 7.647242e-01 8.230770e-01 8.291813e-01 8.396599e-01 8.536866e-01 8.674736e-01 8.838523e-01 9.118159e-01 9.758223e-01 1.001850e+00 1.044054e+00 1.097740e+00 1.231172e+00 1.259066e+00 
79 949 1.202416e-01 1.261481e+00 6.284436e-01 6.284436e-01 6.655749e-01 7.459528e-01 7.581081e-01 7.607479e-01 8.175461e-01 8.245261e-01 8.370618e-01 8.600400e-01 8.785096e-01 8.875731e-01 9.071107e-01 9.725893e-01 9.964869e-01 1.039449e+00 1.089949e+00 1.230647e+00 1.261481e+00 
80 961 1.205439e-01 1.272003e+00 6.242725e-01 6.242725e-01 6.631353e-01 7.436247e-01 7.527934e-01 7.570973e-01 8.119947e-01 8.229240e-01 8.349840e-01 8.595531e-01 8.820309e-01 8.913218e-01 9.095672e-01 9.757047e-01 9.933848e-01 1.046757e+00 1.084622e+00 1.237500e+00 1.272003e+00 
81 973 1.173814e-01 1.271195e+00 6.237831e-01 6.237831e-01 6.609699e-01 7.399695e-01 7.474355e-01 7.561786e-01 8.064657e-01 8.218343e-01 8.343776e-01 8.578525e-01 8.766924e-01 8.895716e-01 9.096721e-01 9.771690e-01 9.873145e-01 1.045718e+00 1.090435e+00 1.235246e+00 1.271195e+00 
82 985 1.162955e-01 1.268936e+00 6.234585e-01 6.234585e-01 6.568782e-01 7.364177e-01 7.466662e-01 7.685796e-01 8.014050e-01 8.187998e-01 8.283289e-01 8.562672e-01 8.721541e-01 8.916833e-01 9.068789e-01 9.736656e-01 9.835162e-01 1.044021e+00 1.096268e+00 1.238517e+00 1.268936e+00 
83 997 1.157669e-01 1.270042e+00 6.199397e-01 6.199397e-01 6.529050e-01 7.335785e-01 7.540158e-01 7.675237e-01 7.985192e-01 8.145384e-01 8.240163e-01 8.537781e-01 8.717810e-01 8.942708e-01 9.156093e-01 9.682804e-01 9.800314e-01 1.047989e+00 1.098380e+00 1.237129e+00 1.270042e+00 
84 1009 1.144113e-01 1.267761e+00 6.180607e-01 6.180607e-01 6.500316e-01 7.296687e-01 7.514795e-01 7.638839e-01 8.004524e-01 8.151581e-01 8.207523e-01 8.479342e-01 8.695909e-01 8.934452e-01 9.191066e-01 9.674342e-01 9.781009e-01 1.045813e+00 1.104184e+00 1.233992e+00 1.267761e+00 
85 1021 1.159889e-01 1.261401e+00 6.142151e-01 6.142151e-01 6.465090e-01 7.294892e-01 7.478669e-01 7.615526e-01 7.954999e-01 8.148689e-01 8.270189e-01 8.433281e-01 8.650047e-01 8.881521e-01 9.190902e-01 9.636437e-01 9.822392e-01 1.045795e+00 1.117641e+00 1.230316e+00 1.261401e+00 
86 1033 1.165740e-01 1.263591e+00 6.103293e-01 6.103293e-01 6.423715e-01 7.327870e-01 7.433220e-01 7.676250e-01 8.079195e-01 8.103181e-01 8.283514e-01 8.393329e-01 8.630910e-01 8.841621e-01 9.207845e-01 9.687668e-01 9.813412e-01 1.039980e+00 1.124804e+00 1.228835e+00 1.263591e+00 
87 1045 1.179183e-01 1.284263e+00 6.073400e-01 6.073400e-01 6.421763e-01 7.342896e-01 7.400288e-01 7.719733e-01 8.047470e-01 8.060544e-01 8.281076e-01 8.342891e-01 8.638457e-01 8.816086e-01 9.157103e-01 9.654337e-01 9.998509e-01 1.045972e+00 1.125822e+00 1.221991e+00 1.284263e+00 
88 1057 1.220202e-01 1.300466e+00 6.029505e-01 6.029505e-01 6.403395e-01 7.345944e-01 7.454849e-01 7.800773e-01 8.002849e-01 8.094044e-01 8.245120e-01 8.417689e-01 8.635599e-01 8.796317e-01 9.123157e-01 9.609295e-01 9.945217e-01 1.041690e+00 1.123890e+00 1.217725e+00 1.300466e+00 
89 1069 1.220290e-01 1.305080e+00 5.991447e-01 5.991447e-01 6.359956e-01 7.298873e-01 7.411119e-01 7.790942e-01 7.978542e-01 8.073990e-01 8.199256e-01 8.380600e-01 8.670961e-01 8.911756e-01 9.098751e-01 9.570650e-01 9.882503e-01 1.037540e+00 1.123165e+00 1.210713e+00 1.305080e+00 
90 1081 1.228542e-01 1.318751e+00 5.958988e-01 5.958988e-01 6.336511e-01 7.334787e-01 7.390690e-01 7.808229e-01 7.958638e-01 8.036308e-01 8.188408e-01 8.359476e-01 8.643906e-01 8.936879e-01 9.138871e-01 9.539355e-01 9.847253e-01 1.032068e+00 1.122128e+00 1.204116e+00 1.318751e+00 
91 1093 1.241987e-01 1.344847e+00 5.934088e-01 5.934088e-01 6.323276e-01 7.292273e-01 7.367338e-01 7.785721e-01 7.922027e-01 7.992376e-01 8.178579e-01 8.315010e-01 8.602448e-01 8.903506e-01 9.212894e-01 9.523467e-01 9.816262e-01 1.030371e+00 1.123000e+00 1.197767e+00 1.344847e+00 
92 1105 1.249997e-01 1.362038e+00 5.912459e-01 5.912459e-01 6.291696e-01 7.255207e-01 7.347441e-01 7.754440e-01 7.873664e-01 7.946245e-01 8.138426e-01 8.281424e-01 8.564530e-01 8.853646e-01 9.331575e-01 9.629714e-01 9.786407e-01 1.029876e+00 1.119113e+00 1.194474e+00 1.362038e+00 
93 1117 1.246271e-01 1.368924e+00 5.878407e-01 5.878407e-01 6.254461e-01 7.249967e-01 7.379075e-01 7.723031e-01 7.845640e-01 7.929836e-01 8.136605e-01 8.282294e-01 8.514041e-01 8.853829e-01 9.413677e-01 9.583309e-01 9.773350e-01 1.028937e+00 1.122060e+00 1.189073e+00 1.368924e+00 
94 1129 1.242149e-01 1.375109e+00 5.865841e-01 5.865841e-01 6.232450e-01 7.220034e-01 7.352244e-01 7.671147e-01 7.797787e-01 7.911643e-01 8.088749e-01 8.239621e-01 8.504910e-01 8.802850e-01 9.420081e-01 9.634174e-01 9.764641e-01 1.029052e+00 1.131104e+00 1.182850e+00 1.375109e+00 
95 1141 1.259876e-01 1.382421e+00 5.846078e-01 5.846078e-01 6.199344e-01 7.174100e-01 7.322436e-01 7.658182e-01 7.806753e-01 7.863245e-01 8.058970e-01 8.210197e-01 8.469172e-01 8.772359e-01 9.369642e-01 9.657120e-01 9.775776e-01 1.042416e+00 1.133049e+00 1.178059e+00 1.382421e+00 
96 1153 1.293571e-01 1.407958e+00 5.819580e-01 5.819580e-01 6.170069e-01 7.126709e-01 7.290637e-01 7.649508e-01 7.799856e-01 7.818866e-01 8.051349e-01 8.162241e-01 8.419994e-01 8.721089e-01 9.366000e-01 9.607506e-01 9.739898e-01 1.043395e+00 1.143697e+00 1.179751e+00 1.407958e+00 
97 1165 1.262385e-01 1.421155e+00 5.780948e-01 5.780948e-01 6.156116e-01 7.084278e-01 7.267441e-01 7.609599e-01 7.744714e-01 7.850386e-01 8.001078e-01 8.169314e-01 8.387000e-01 8.748247e-01 9.377246e-01 9.615641e-01 9.745303e-01 1.045792e+00 1.141984e+00 1.176758e+00 1.421155e+00 
98 1177 1.225309e-01 1.420600e+00 5.743460e-01 5.743460e-01 6.126455e-01 7.032453e-01 7.231122e-01 7.641050e-01 7.708905e-01 7.859565e-01 8.019950e-01 8.159983e-01 8.464035e-01 8.697745e-01 9.380332e-01 9.585504e-01 9.734676e-01 1.041165e+00 1.139378e+00 1.177890e+00 1.420600e+00 
99 1189 1.181344e-01 1.414998e+00 5.720121e-01 5.720121e-01 6.087477e-01 7.035534e-01 7.233505e-01 7.615331e-01 7.725159e-01 7.881686e-01 7.996293e-01 8.208610e-01 8.456650e-01 8.820418e-01 9.338851e-01 9.554771e-01 9.693328e-01 1.034057e+00 1.137696e+00 1.174013e+00 1.414998e+00 
100 1201 1.126683e-01 1.418298e+00 5.680783e-01 5.680783e-01 6.045265e-01 7.010060e-01 7.208805e-01 7.574924e-01 7.744478e-01 7.845349e-01 7.995585e-01 8.193980e-01 8.413293e-01 8.843477e-01 9.351948e-01 9.517614e-01 9.680093e-01 1.032644e+00 1.132422e+00 1.174211e+00 1.418298e+00 
101 1213 1.067467e-01 1.421419e+00 5.643646e-01 5.643646e-01 6.010939e-01 6.964499e-01 7.162141e-01 7.610348e-01 7.690898e-01 7.796173e-01 7.967736e-01 8.152499e-01 8.361993e-01 8.878205e-01 9.304325e-01 9.478909e-01 9.685296e-01 1.028383e+00 1.129687e+00 1.170256e+00 1.421419e+00 
102 1225 1.005359e-01 1.421280e+00 5.614617e-01 5.614617e-01 5.979439e-01 6.941595e-01 7.128090e-01 7.573130e-01 7.646947e-01 7.783677e-01 7.937524e-01 8.118917e-01 8.327164e-01 8.892261e-01 9.255625e-01 9.471051e-01 9.705594e-01 1.027571e+00 1.127847e+00 1.167778e+00 1.421280e+00 
103 1237 1.010369e-01 1.413570e+00 5.585808e-01 5.585808e-01 5.958911e-01 6.946070e-01 7.110235e-01 7.545722e-01 7.648927e-01 7.771853e-01 7.898525e-01 8.269831e-01 8.382734e-01 8.884144e-01 9.240820e-01 9.541140e-01 9.734511e-01 1.024101e+00 1.126082e+00 1.172511e+00 1.413570e+00 
104 1249 1.002172e-01 1.411203e+00 5.557843e-01 5.557843e-01 5.933647e-01 6.963046e-01 7.076200e-01 7.522125e-01 7.610212e-01 7.766472e-01 7.876916e-01 8.322697e-01 8.375437e-01 8.929389e-01 9.205272e-01 9.638221e-01 9.721704e-01 1.027142e+00 1.133313e+00 1.167868e+00 1.411203e+00 
105 1261 9.832656e-02 1.445410e+00 5.528126e-01 5.528126e-01 5.898034e-01 6.944448e-01 7.049208e-01 7.497447e-01 7.578669e-01 7.733233e-01 7.832608e-01 8.318706e-01 8.360018e-01 8.930061e-01 9.167248e-01 9.669509e-01 9.700863e-01 1.021121e+00 1.126047e+00 1.166899e+00 1.445410e+00 
106 1273 1.000042e-01 1.541880e+00 5.488701e-01 5.488701e-01 5.877174e-01 6.924436e-01 7.047595e-01 7.465213e-01 7.556707e-01 7.737034e-01 7.881644e-01 8.316636e-01 8.356396e-01 8.888326e-01 9.206839e-01 9.635690e-01 9.680625e-01 1.015061e+00 1.118434e+00 1.166053e+00 1.541880e+00 
107 1285 9.962576e-02 1.556958e+00 5.483744e-01 5.483744e-01 5.859538e-01 6.910368e-01 7.005390e-01 7.430490e-01 7.608410e-01 7.758007e-01 7.849596e-01 8.258582e-01 8.357139e-01 8.870140e-01 9.190886e-01 9.661483e-01 9.794621e-01 1.010290e+00 1.116323e+00 1.158877e+00 1.556958e+00 
108 1297 1.009168e-01 1.583802e+00 5.446544e-01 5.446544e-01 5.822246e-01 6.868175e-01 6.971512e-01 7.380358e-01 7.566096e-01 7.714778e-01 7.867227e-01 8.206851e-01 8.381675e-01 8.811422e-01 9.210288e-01 9.622078e-01 9.969553e-01 1.013692e+00 1.121423e+00 1.151578e+00 1.583802e+00 
109 1309 1.026261e-01 1.591269e+00 5.418176e-01 5.418176e-01 5.794213e-01 6.831230e-01 6.961159e-01 7.376525e-01 7.544992e-01 7.703936e-01 7.820908e-01 8.277612e-01 8.336218e-01 8.767465e-01 9.166492e-01 9.598592e-01 9.972342e-01 1.016643e+00 1.131703e+00 1.152795e+00 1.591269e+00 
110 1321 1.080852e-01 1.595751e+00 5.416497e-01 5.416497e-01 5.753773e-01 6.803967e-01 6.957725e-01 7.343040e-01 7.516067e-01 7.661185e-01 7.854647e-01 8.242794e-01 8.293885e-01 8.756655e-01 9.145533e-01 9.551061e-01 1.000011e+00 1.045547e+00 1.148623e+00 1.165071e+00 1.595751e+00 
111 1333 1.109052e-01 1.596122e+00 5.381444e-01 5.381444e-01 5.727813e-01 6.760435e-01 6.919803e-01 7.326829e-01 7.494485e-01 7.633811e-01 7.831224e-01 8.190195e-01 8.280152e-01 8.727918e-01 9.101171e-01 9.663095e-01 9.985345e-01 1.044913e+00 1.151107e+00 1.201071e+00 1.596122e+00 
112 1345 1.140140e-01 1.600856e+00 5.361856e-01 5.361856e-01 5.695014e-01 6.752092e-01 6.914794e-01 7.312013e-01 7.472517e-01 7.604332e-01 7.822765e-01 8.179615e-01 8.318501e-01 8.732335e-01 9.059920e-01 9.657094e-01 1.001624e+00 1.045414e+00 1.151923e+00 1.224251e+00 1.600856e+00 
113 1357 1.146612e-01 1.600954e+00 5.327948e-01 5.327948e-01 5.684161e-01 6.749120e-01 6.889325e-01 7.277141e-01 7.467902e-01 7.556352e-01 7.783333e-01 8.151525e-01 8.450849e-01 8.697114e-01 9.068131e-01 9.649060e-01 9.968658e-01 1.042361e+00 1.146256e+00 1.242787e+00 1.600954e+00 
114 1369 1.146149e-01 1.599114e+00 5.301662e-01 5.301662e-01 5.685328e-01 6.738516e-01 6.938311e-01 7.234574e-01 7.465433e-01 7.533947e-01 7.775377e-01 8.122716e-01 8.508232e-01 8.681264e-01 9.080334e-01 9.603041e-01 9.926371e-01 1.038109e+00 1.143296e+00 1.264846e+00 1.599114e+00 
115 1381 1.124481e-01 1.592623e+00 5.264190e-01 5.264190e-01 5.656728e-01 6.746660e-01 6.971527e-01 7.214991e-01 7.424229e-01 7.501266e-01 7.740207e-01 8.071424e-01 8.478085e-01 8.652193e-01 9.035379e-01 9.617601e-01 9.946473e-01 1.033880e+00 1.149177e+00 1.271730e+00 1.592623e+00 
116 1393 1.145383e-01 1.630872e+00 5.252911e-01 5.252911e-01 5.628185e-01 6.714109e-01 6.951375e-01 7.167943e-01 7.410977e-01 7.503718e-01 7.810679e-01 8.052831e-01 8.458220e-01 8.688001e-01 8.996295e-01 9.570273e-01 9.925842e-01 1.034614e+00 1.148116e+00 1.270292e+00 1.630872e+00 
117 1405 1.188620e-01 1.666466e+00 5.223121e-01 5.223121e-01 5.589602e-01 6.672402e-01 6.923409e-01 7.120630e-01 7.368266e-01 7.488491e-01 7.813614e-01 8.019068e-01 8.475346e-01 8.739372e-01 8.975151e-01 9.553261e-01 9.946284e-01 1.031195e+00 1.141490e+00 1.270746e+00 1.666466e+00 
118 1417 1.215486e-01 1.677973e+00 5.187810e-01 5.187810e-01 5.552939e-01 6.652417e-01 6.944664e-01 7.088539e-01 7.360667e-01 7.479173e-01 7.790875e-01 8.055592e-01 8.513922e-01 8.785089e-01 8.967908e-01 9.680425e-01 9.987258e-01 1.027128e+00 1.135349e+00 1.264228e+00 1.677973e+00 
119 1429 1.212701e-01 1.679129e+00 5.160827e-01 5.160827e-01 5.526428e-01 6.743508e-01 6.966101e-01 7.083796e-01 7.330762e-01 7.571388e-01 7.817587e-01 8.013368e-01 8.476761e-01 8.744748e-01 9.041419e-01 9.669196e-01 9.952517e-01 1.022587e+00 1.132520e+00 1.269335e+00 1.679129e+00 
120 1441 1.212274e-01 1.675845e+00 5.152638e-01 5.152638e-01 5.496086e-01 6.742389e-01 6.930838e-01 7.079709e-01 7.324345e-01 7.580812e-01 7.770784e-01 7.993388e-01 8.456517e-01 8.720536e-01 9.139547e-01 9.686652e-01 9.959539e-01 1.022814e+00 1.126480e+00 1.278726e+00 1.675845e+00 
121 1453 1.234710e-01 1.677128e+00 5.134589e-01 5.134589e-01 5.462651e-01 6.750035e-01 6.919070e-01 7.035906e-01 7.297832e-01 7.572627e-01 7.777682e-01 7.954626e-01 8.444822e-01 8.703668e-01 9.110298e-01 9.745384e-01 9.976004e-01 1.025722e+00 1.131421e+00 1.281247e+00 1.677128e+00 
122 1465 1.191362e-01 1.670231e+00 5.106279e-01 5.106279e-01 5.437490e-01 6.748381e-01 6.968715e-01 7.040852e-01 7.280769e-01 7.541290e-01 7.772353e-01 7.930378e-01 8.430241e-01 8.662861e-01 9.070820e-01 9.703025e-01 9.954215e-01 1.026537e+00 1.142391e+00 1.276829e+00 1.670231e+00 
123 1477 1.131865e-01 1.680830e+00 5.081104e-01 5.081104e-01 5.406961e-01 6.750285e-01 6.929583e-01 7.006110e-01 7.245913e-01 7.508041e-01 7.761373e-01 7.875729e-01 8.416230e-01 8.676863e-01 9.113915e-01 9.690946e-01 9.934633e-01 1.028224e+00 1.150367e+00 1.280368e+00 1.680830e+00 
124 1489 1.092805e-01 1.673129e+00 5.048066e-01 5.048066e-01 5.371931e-01 6.725022e-01 6.892350e-01 6.959116e-01 7.267134e-01 7.463928e-01 7.721003e-01 7.832396e-01 8.459090e-01 8.637338e-01 9.124756e-01 9.625969e-01 9.887879e-01 1.038295e+00 1.150770e+00 1.275281e+00 1.673129e+00 
125 1501 1.060855e-01 1.675270e+00 5.018184e-01 5.018184e-01 5.334705e-01 6.709930e-01 6.854889e-01 6.960745e-01 7.254212e-01 7.431443e-01 7.715709e-01 7.793944e-01 8.430087e-01 8.590841e-01 9.135838e-01 9.624261e-01 9.977537e-01 1.034867e+00 1.146276e+00 1.282495e+00 1.675270e+00 
126 1513 1.032613e-01 1.691433e+00 4.986534e-01 4.986534e-01 5.297872e-01 6.676898e-01 6.854573e-01 6.925982e-01 7.227227e-01 7.438577e-01 7.680067e-01 7.772860e-01 8.399412e-01 8.543777e-01 9.117343e-01 9.634237e-01 9.996721e-01 1.032501e+00 1.142185e+00 1.279209e+00 1.691433e+00 
127 1525 9.865336e-02 1.696851e+00 4.963271e-01 4.963271e-01 5.304053e-01 6.631067e-01 6.819643e-01 6.957989e-01 7.200441e-01 7.466658e-01 7.690294e-01 7.778025e-01 8.406789e-01 8.524502e-01 9.097327e-01 9.580893e-01 9.989227e-01 1.034451e+00 1.149701e+00 1.272774e+00 1.696851e+00 
128 1537 9.347578e-02 1.693346e+00 4.943438e-01 4.943438e-01 5.268881e-01 6.591082e-01 6.797341e-01 6.936291e-01 7.180553e-01 7.429353e-01 7.657861e-01 7.764896e-01 8.355106e-01 8.499374e-01 9.057160e-01 9.576951e-01 9.957093e-01 1.042954e+00 1.143657e+00 1.264986e+00 1.693346e+00 
129 1549 8.794257e-02 1.686413e+00 4.918128e-01 4.918128e-01 5.246163e-01 6.564539e-01 6.771669e-01 6.932651e-01 7.163610e-01 7.435197e-01 7.624040e-01 7.728685e-01 8.312950e-01 8.493663e-01 9.027806e-01 9.571958e-01 9.904622e-01 1.045069e+00 1.139331e+00 1.263913e+00 1.686413e+00 
130 1561 8.604303e-02 1.681193e+00 4.891933e-01 4.891933e-01 5.251508e-01 6.556572e-01 6.778599e-01 6.900837e-01 7.200682e-01 7.477706e-01 7.598069e-01 7.705100e-01 8.290035e-01 8.459152e-01 8.972254e-01 9.563154e-01 9.941755e-01 1.045232e+00 1.136535e+00 1.265078e+00 1.681193e+00 
131 1573 8.225210e-02 1.669640e+00 4.856687e-01 4.856687e-01 5.227145e-01 6.532107e-01 6.826077e-01 6.863966e-01 7.176585e-01 7.482881e-01 7.556507e-01 7.701598e-01 8.262120e-01 8.410089e-01 8.926278e-01 9.555899e-01 9.908321e-01 1.057472e+00 1.133174e+00 1.268103e+00 1.669640e+00 
132 1585 8.156870e-02 1.662950e+00 4.825752e-01 4.825752e-01 5.191824e-01 6.515689e-01 6.788683e-01 6.859028e-01 7.135889e-01 7.449139e-01 7.514400e-01 7.716646e-01 8.235259e-01 8.378262e-01 8.914361e-01 9.531033e-01 9.876533e-01 1.054957e+00 1.140904e+00 1.281514e+00 1.662950e+00 
133 1597 7.903121e-02 1.655016e+00 4.810606e-01 4.810606e-01 5.173778e-01 6.489641e-01 6.756959e-01 6.831283e-01 7.120129e-01 7.405829e-01 7.491009e-01 7.705451e-01 8.215108e-01 8.346290e-01 8.877218e-01 9.551133e-01 9.821566e-01 1.050882e+00 1.147438e+00 1.284219e+00 1.655016e+00 
134 1609 7.460038e-02 1.648242e+00 4.786701e-01 4.786701e-01 5.156382e-01 6.455251e-01 6.725338e-01 6.815507e-01 7.076513e-01 7.381005e-01 7.449543e-01 7.709938e-01 8.196945e-01 8.297123e-01 8.833959e-01 9.535481e-01 9.822933e-01 1.046776e+00 1.146546e+00 1.282561e+00 1.648242e+00 
135 1621 7.589470e-02 1.668916e+00 4.760858e-01 4.760858e-01 5.145885e-01 6.429857e-01 6.678214e-01 6.786848e-01 7.063705e-01 7.372219e-01 7.416988e-01 7.689980e-01 8.197516e-01 8.283724e-01 8.800222e-01 9.578125e-01 9.765909e-01 1.043083e+00 1.148434e+00 1.294127e+00 1.668916e+00 
136 1633 7.665179e-02 1.665354e+00 4.729603e-01 4.729603e-01 5.125054e-01 6.399162e-01 6.644452e-01 6.751071e-01 7.041410e-01 7.366666e-01 7.434290e-01 7.685727e-01 8.193896e-01 8.289813e-01 8.858223e-01 9.619378e-01 9.783284e-01 1.041808e+00 1.144988e+00 1.297257e+00 1.665354e+00 
137 1645 7.758742e-02 1.658141e+00 4.696399e-01 4.696399e-01 5.124811e-01 6.363287e-01 6.614922e-01 6.720572e-01 6.995039e-01 7.323308e-01 7.400866e-01 7.694616e-01 8.158637e-01 8.376382e-01 8.861352e-01 9.673135e-01 9.762828e-01 1.039544e+00 1.142908e+00 1.298151e+00 1.658141e+00 
138 1657 7.897297e-02 1.651752e+00 4.673662e-01 4.673662e-01 5.113114e-01 6.323953e-01 6.589988e-01 6.680271e-01 6.973202e-01 7.284696e-01 7.497085e-01 7.720519e-01 8.123757e-01 8.417611e-01 8.849267e-01 9.645798e-01 9.730094e-01 1.049548e+00 1.146684e+00 1.296903e+00 1.651752e+00 
139 1669 7.768904e-02 1.646414e+00 4.649799e-01 4.649799e-01 5.095914e-01 6.321022e-01 6.559193e-01 6.655740e-01 6.948320e-01 7.254075e-01 7.506640e-01 7.714558e-01 8.126654e-01 8.460426e-01 8.799979e-01 9.636914e-01 9.720420e-01 1.066023e+00 1.152350e+00 1.290248e+00 1.646414e+00 
140 1681 7.868903e-02 1.648055e+00 4.632476e-01 4.632476e-01 5.069283e-01 6.308954e-01 6.540313e-01 6.624817e-01 6.919813e-01 7.225768e-01 7.470171e-01 7.680531e-01 8.154906e-01 8.515879e-01 8.769454e-01 9.594981e-01 9.704280e-01 1.078155e+00 1.154081e+00 1.300119e+00 1.648055e+00 
141 1693 7.515967e-02 1.644000e+00 4.611239e-01 4.611239e-01 5.047597e-01 6.290463e-01 6.523750e-01 6.594015e-01 6.890940e-01 7.190213e-01 7.467968e-01 7.666414e-01 8.145108e-01 8.555776e-01 8.726944e-01 9.574017e-01 9.680459e-01 1.080894e+00 1.158692e+00 1.299562e+00 1.644000e+00 
142 1705 7.354312e-02 1.642464e+00 4.577966e-01 4.577966e-01 5.029779e-01 6.260089e-01 6.490543e-01 6.570547e-01 6.844473e-01 7.177721e-01 7.492097e-01 7.626590e-01 8.149443e-01 8.535814e-01 8.804842e-01 9.529683e-01 9.736678e-01 1.084783e+00 1.155772e+00 1.297823e+00 1.642464e+00 
143 1717 6.996135e-02 1.640533e+00 4.552845e-01 4.552845e-01 5.007536e-01 6.235246e-01 6.463389e-01 6.544862e-01 6.818152e-01 7.131602e-01 7.438337e-01 7.582573e-01 8.116790e-01 8.495665e-01 8.794528e-01 9.540726e-01 9.688404e-01 1.084464e+00 1.148495e+00 1.291643e+00 1.640533e+00 
144 1729 6.734192e-02 1.636343e+00 4.536550e-01 4.536550e-01 4.984497e-01 6.199836e-01 6.425164e-01 6.520590e-01 6.782335e-01 7.134940e-01 7.408511e-01 7.530153e-01 8.116219e-01 8.467700e-01 8.785814e-01 9.511635e-01 9.645205e-01 1.084297e+00 1.150257e+00 1.285102e+00 1.636343e+00 
145 1741 6.810602e-02 1.643538e+00 4.514741e-01 4.514741e-01 4.973410e-01 6.185402e-01 6.393774e-01 6.535183e-01 6.796975e-01 7.119976e-01 7.385266e-01 7.531617e-01 8.087661e-01 8.471991e-01 8.786606e-01 9.480667e-01 9.793208e-01 1.086282e+00 1.143427e+00 1.310785e+00 1.643538e+00 
146 1753 7.033363e-02 1.649944e+00 4.489627e-01 4.489627e-01 4.956127e-01 6.170162e-01 6.433905e-01 6.524459e-01 6.757133e-01 7.069563e-01 7.358866e-01 7.524549e-01 8.076618e-01 8.451061e-01 8.833219e-01 9.531893e-01 9.831463e-01 1.105373e+00 1.145394e+00 1.317391e+00 1.649944e+00 
147 1765 6.984755e-02 1.657123e+00 4.458729e-01 4.458729e-01 4.945671e-01 6.142093e-01 6.459510e-01 6.560959e-01 6.799155e-01 7.038504e-01 7.363576e-01 7.564736e-01 8.088117e-01 8.428530e-01 8.813799e-01 9.484859e-01 9.942433e-01 1.110592e+00 1.142524e+00 1.320024e+00 1.657123e+00 
148 1777 7.315470e-02 1.651105e+00 4.450194e-01 4.450194e-01 4.966487e-01 6.124597e-01 6.430699e-01 6.607773e-01 6.821914e-01 7.064007e-01 7.422877e-01 7.580433e-01 8.137426e-01 8.414046e-01 8.952934e-01 9.479657e-01 1.009294e+00 1.108089e+00 1.137725e+00 1.316243e+00 1.651105e+00 
149 1789 7.516612e-02 1.643874e+00 4.422899e-01 4.422899e-01 4.953925e-01 6.081672e-01 6.415748e-01 6.579155e-01 6.816539e-01 7.027579e-01 7.407921e-01 7.585925e-01 8.123154e-01 8.423350e-01 9.068052e-01 9.431417e-01 1.023221e+00 1.105603e+00 1.142326e+00 1.326310e+00 1.643874e+00 
150 1801 7.398218e-02 1.632327e+00 4.408679e-01 4.408679e-01 4.947627e-01 6.059313e-01 6.378696e-01 6.562552e-01 6.801146e-01 7.034705e-01 7.367174e-01 7.586860e-01 8.091642e-01 8.407107e-01 9.082010e-01 9.397653e-01 1.032029e+00 1.103676e+00 1.142805e+00 1.321111e+00 1.632327e+00 
151 1813 7.141384e-02 1.621047e+00 4.380998e-01 4.380998e-01 4.927706e-01 6.093722e-01 6.370017e-01 6.588202e-01 6.786255e-01 7.014386e-01 7.315104e-01 7.561034e-01 8.070470e-01 8.349834e-01 9.104348e-01 9.354407e-01 1.041861e+00 1.110783e+00 1.145661e+00 1.318314e+00 1.621047e+00 
152 1825 6.802477e-02 1.621647e+00 4.356733e-01 4.356733e-01 4.922337e-01 6.068277e-01 6.357949e-01 6.573216e-01 6.765603e-01 7.039601e-01 7.269616e-01 7.511083e-01 8.029801e-01 8.301336e-01 9.062858e-01 9.326222e-01 1.039376e+00 1.117713e+00 1.144994e+00 1.310581e+00 1.621647e+00 
153 1837 6.567926e-02 1.616273e+00 4.334639e-01 4.334639e-01 4.897883e-01 6.054352e-01 6.366611e-01 6.569076e-01 6.735613e-01 7.039108e-01 7.257734e-01 7.467248e-01 7.978309e-01 8.301943e-01 9.037160e-01 9.312351e-01 1.036538e+00 1.117695e+00 1.143684e+00 1.313868e+00 1.616273e+00 
154 1849 6.363683e-02 1.609297e+00 4.311290e-01 4.311290e-01 4.882320e-01 6.060179e-01 6.360975e-01 6.598823e-01 6.718885e-01 6.997483e-01 7.247520e-01 7.440556e-01 7.929034e-01 8.308438e-01 9.009515e-01 9.327379e-01 1.032346e+00 1.113511e+00 1.142246e+00 1.309534e+00 1.609297e+00 
155 1861 6.483727e-02 1.604324e+00 4.305818e-01 4.305818e-01 4.872005e-01 6.145496e-01 6.325162e-01 6.611393e-01 6.699240e-01 6.968151e-01 7.237856e-01 7.411835e-01 7.995996e-01 8.265951e-01 8.963131e-01 9.265760e-01 1.030545e+00 1.106329e+00 1.154923e+00 1.309103e+00 1.604324e+00 
156 1873 6.620145e-02 1.601652e+00 4.298570e-01 4.298570e-01 4.884940e-01 6.132406e-01 6.373663e-01 6.578381e-01 6.745715e-01 6.926098e-01 7.221677e-01 7.397518e-01 8.037500e-01 8.230380e-01 8.904323e-01 9.270893e-01 1.028180e+00 1.102607e+00 1.157682e+00 1.328721e+00 1.601652e+00 
157 1885 6.563735e-02 1.603369e+00 4.274173e-01 4.274173e-01 4.878840e-01 6.102784e-01 6.390486e-01 6.585947e-01 6.750893e-01 6.920797e-01 7.201629e-01 7.364362e-01 8.024671e-01 8.175230e-01 8.863491e-01 9.248200e-01 1.031658e+00 1.095691e+00 1.154628e+00 1.322773e+00 1.603369e+00 
158 1897 6.384382e-02 1.603951e+00 4.246190e-01 4.246190e-01 4.870220e-01 6.084792e-01 6.373828e-01 6.553649e-01 6.754374e-01 6.908957e-01 7.198673e-01 7.354151e-01 7.989171e-01 8.139591e-01 8.868077e-01 9.225037e-01 1.028165e+00 1.102271e+00 1.154937e+00 1.320207e+00 1.603951e+00 
159 1909 6.176490e-02 1.611635e+00 4.222995e-01 4.222995e-01 4.838554e-01 6.045813e-01 6.344900e-01 6.553431e-01 6.734979e-01 6.873512e-01 7.183478e-01 7.314837e-01 7.951228e-01 8.090317e-01 8.816780e-01 9.200131e-01 1.025625e+00 1.106033e+00 1.151631e+00 1.311837e+00 1.611635e+00 
160 1921 5.901744e-02 1.625705e+00 4.208798e-01 4.208798e-01 4.802695e-01 6.019473e-01 6.310228e-01 6.515713e-01 6.732855e-01 6.887521e-01 7.168101e-01 7.280206e-01 7.916720e-01 8.052967e-01 8.846484e-01 9.210713e-01 1.022229e+00 1.103671e+00 1.144233e+00 1.307133e+00 1.625705e+00 
161 1933 5.613127e-02 1.625131e+00 4.182640e-01 4.182640e-01 4.786364e-01 5.987595e-01 6.277117e-01 6.524675e-01 6.707092e-01 6.880838e-01 7.167079e-01 7.272743e-01 7.877174e-01 8.006224e-01 8.833456e-01 9.160309e-01 1.020064e+00 1.098363e+00 1.139966e+00 1.299654e+00 1.625131e+00 
162 1945 5.408427e-02 1.629115e+00 4.170175e-01 4.170175e-01 4.758212e-01 5.978511e-01 6.255610e-01 6.519158e-01 6.726728e-01 6.897477e-01 7.144854e-01 7.321164e-01 7.868975e-01 8.066086e-01 8.831081e-01 9.230412e-01 1.020159e+00 1.102407e+00 1.137514e+00 1.296065e+00 1.629115e+00 
163 1957 5.309113e-02 1.635482e+00 4.147065e-01 4.147065e-01 4.806009e-01 5.997879e-01 6.215910e-01 6.476591e-01 6.731880e-01 6.904830e-01 7.112188e-01 7.284492e-01 7.859118e-01 8.016773e-01 8.832772e-01 9.215725e-01 1.018785e+00 1.105873e+00 1.138991e+00 1.297910e+00 1.635482e+00 
164 1969 5.277459e-02 1.632679e+00 4.127286e-01 4.127286e-01 4.778874e-01 6.002647e-01 6.222573e-01 6.437719e-01 6.730010e-01 6.921228e-01 7.084064e-01 7.283493e-01 7.837253e-01 7.973157e-01 8.862285e-01 9.196878e-01 1.031755e+00 1.101402e+00 1.138440e+00 1.291483e+00 1.632679e+00 
165 1981 5.155648e-02 1.633471e+00 4.102560e-01 4.102560e-01 4.764426e-01 5.983215e-01 6.195599e-01 6.397845e-01 6.712271e-01 6.903425e-01 7.078248e-01 7.291165e-01 7.812427e-01 7.965912e-01 8.845045e-01 9.176313e-01 1.031990e+00 1.096727e+00 1.134142e+00 1.288239e+00 1.633471e+00 
166 1993 4.981180e-02 1.671801e+00 4.077144e-01 4.077144e-01 4.735687e-01 5.968465e-01 6.173021e-01 6.356315e-01 6.678469e-01 6.866408e-01 7.033202e-01 7.265397e-01 7.769706e-01 8.028639e-01 8.814975e-01 9.200669e-01 1.035602e+00 1.105181e+00 1.130657e+00 1.282719e+00 1.671801e+00 
167 2005 4.994132e-02 1.671361e+00 4.056776e-01 4.056776e-01 4.754835e-01 5.959750e-01 6.149969e-01 6.410133e-01 6.650093e-01 6.847309e-01 7.009811e-01 7.219125e-01 7.734943e-01 7.988461e-01 8.772479e-01 9.202791e-01 1.044907e+00 1.103655e+00 1.124922e+00 1.294010e+00 1.671361e+00 
168 2017 5.005860e-02 1.668185e+00 4.032047e-01 4.032047e-01 4.724061e-01 5.929555e-01 6.117418e-01 6.380997e-01 6.655770e-01 6.811312e-01 6.987023e-01 7.183766e-01 7.767572e-01 7.980181e-01 8.771908e-01 9.295595e-01 1.055928e+00 1.098253e+00 1.121237e+00 1.290552e+00 1.668185e+00 
169 2029 5.014285e-02 1.658798e+00 4.010127e-01 4.010127e-01 4.716091e-01 5.895919e-01 6.080161e-01 6.364192e-01 6.625689e-01 6.808419e-01 6.936509e-01 7.167664e-01 7.777316e-01 7.972085e-01 8.767821e-01 9.279108e-01 1.075953e+00 1.096733e+00 1.123642e+00 1.289500e+00 1.658798e+00 
170 2041 5.241615e-02 1.673719e+00 3.999175e-01 3.999175e-01 4.684493e-01 5.874998e-01 6.054756e-01 6.327297e-01 6.608271e-01 6.841332e-01 7.050672e-01 7.132945e-01 7.802336e-01 7.926180e-01 8.732094e-01 9.248507e-01 1.074817e+00 1.106056e+00 1.143726e+00 1.295099e+00 1.673719e+00 
171 2053 5.278129e-02 1.669539e+00 3.987741e-01 3.987741e-01 4.657921e-01 5.904930e-01 6.015152e-01 6.291555e-01 6.655777e-01 6.837396e-01 7.014209e-01 7.093121e-01 7.760816e-01 7.993554e-01 8.704265e-01 9.207694e-01 1.077105e+00 1.108753e+00 1.166605e+00 1.291391e+00 1.669539e+00 
172 2065 5.335827e-02 1.678826e+00 3.967758e-01 3.967758e-01 4.649844e-01 5.874352e-01 6.039190e-01 6.283435e-01 6.657176e-01 6.806676e-01 7.001911e-01 7.051931e-01 7.709826e-01 7.977105e-01 8.698134e-01 9.199366e-01 1.077885e+00 1.106622e+00 1.179275e+00 1.286494e+00 1.678826e+00 
173 2077 5.180826e-02 1.679177e+00 3.941036e-01 3.941036e-01 4.615605e-01 5.847611e-01 6.010402e-01 6.251450e-01 6.710642e-01 6.772434e-01 6.974265e-01 7.046547e-01 7.701775e-01 7.972514e-01 8.697743e-01 9.171575e-01 1.073863e+00 1.100108e+00 1.187698e+00 1.284567e+00 1.679177e+00 
174 2089 5.169537e-02 1.674316e+00 3.915122e-01 3.915122e-01 4.590161e-01 5.816051e-01 5.981252e-01 6.233547e-01 6.720479e-01 6.783788e-01 6.947893e-01 7.017800e-01 7.690369e-01 7.981473e-01 8.645285e-01 9.108494e-01 1.072077e+00 1.113013e+00 1.185457e+00 1.295299e+00 1.674316e+00 
175 2101 5.122944e-02 1.707004e+00 3.887425e-01 3.887425e-01 4.585174e-01 5.798006e-01 5.959383e-01 6.229573e-01 6.700652e-01 6.811806e-01 6.961718e-01 7.015543e-01 7.669003e-01 7.957052e-01 8.603737e-01 9.095259e-01 1.069154e+00 1.109835e+00 1.192761e+00 1.291002e+00 1.707004e+00 
176 2113 4.985313e-02 1.730869e+00 3.865099e-01 3.865099e-01 4.581801e-01 5.799551e-01 5.924089e-01 6.268811e-01 6.672359e-01 6.785141e-01 6.940181e-01 7.013297e-01 7.643991e-01 7.932878e-01 8.579802e-01 9.057163e-01 1.065017e+00 1.104401e+00 1.187526e+00 1.291406e+00 1.730869e+00 
177 2125 4.908407e-02 1.742926e+00 3.862742e-01 3.862742e-01 4.559590e-01 5.765202e-01 5.882584e-01 6.236761e-01 6.659082e-01 6.776486e-01 6.906463e-01 7.006805e-01 7.668773e-01 7.905775e-01 8.532124e-01 9.008869e-01 1.059630e+00 1.106648e+00 1.185399e+00 1.285897e+00 1.742926e+00 
178 2137 4.630606e-02 1.752767e+00 3.840784e-01 3.840784e-01 4.537445e-01 5.744694e-01 5.863775e-01 6.204532e-01 6.644110e-01 6.731152e-01 6.868251e-01 7.010671e-01 7.639770e-01 7.864055e-01 8.494443e-01 8.982408e-01 1.058525e+00 1.105981e+00 1.183953e+00 1.279720e+00 1.752767e+00 
179 2149 4.474447e-02 1.750105e+00 3.816266e-01 3.816266e-01 4.510045e-01 5.800477e-01 5.839788e-01 6.175163e-01 6.653407e-01 6.699461e-01 6.869323e-01 6.980480e-01 7.609193e-01 7.873644e-01 8.448173e-01 8.948151e-01 1.057826e+00 1.121276e+00 1.178277e+00 1.273540e+00 1.750105e+00 
180 2161 4.404541e-02 1.758427e+00 3.795696e-01 3.795696e-01 4.479828e-01 5.776416e-01 5.801934e-01 6.164823e-01 6.612440e-01 6.690298e-01 6.888277e-01 7.010939e-01 7.579162e-01 7.896787e-01 8.407657e-01 8.925569e-01 1.067050e+00 1.121224e+00 1.193878e+00 1.269320e+00 1.758427e+00 
181 2173 4.415116e-02 1.755694e+00 3.771926e-01 3.771926e-01 4.450890e-01 5.750889e-01 5.800763e-01 6.185015e-01 6.621382e-01 6.685509e-01 6.862945e-01 6.997446e-01 7.565164e-01 7.908052e-01 8.376113e-01 9.060876e-01 1.065247e+00 1.129161e+00 1.191741e+00 1.261590e+00 1.755694e+00 
182 2185 4.527986e-02 1.745647e+00 3.756335e-01 3.756335e-01 4.423667e-01 5.714266e-01 5.808716e-01 6.211251e-01 6.594023e-01 6.652567e-01 6.837463e-01 7.083211e-01 7.574996e-01 7.960607e-01 8.440976e-01 9.098647e-01 1.066640e+00 1.127884e+00 1.186218e+00 1.257449e+00 1.745647e+00 
183 2197 4.435257e-02 1.740910e+00 3.734846e-01 3.734846e-01 4.393282e-01 5.692782e-01 5.791708e-01 6.174809e-01 6.569229e-01 6.648437e-01 6.879517e-01 7.104254e-01 7.535611e-01 7.952661e-01 8.443089e-01 9.097679e-01 1.065166e+00 1.126654e+00 1.180578e+00 1.260457e+00 1.740910e+00 
184 2209 4.391775e-02 1.763554e+00 3.710514e-01 3.710514e-01 4.370148e-01 5.655219e-01 5.783130e-01 6.150655e-01 6.538076e-01 6.642322e-01 6.843498e-01 7.108771e-01 7.526447e-01 7.930294e-01 8.389541e-01 9.154993e-01 1.067021e+00 1.129833e+00 1.182265e+00 1.258322e+00 1.763554e+00 
185 2221 4.432078e-02 1.783658e+00 3.688241e-01 3.688241e-01 4.342130e-01 5.627373e-01 5.783279e-01 6.114110e-01 6.545684e-01 6.621229e-01 6.797871e-01 7.126599e-01 7.497327e-01 7.912967e-01 8.371201e-01 9.150313e-01 1.081124e+00 1.126781e+00 1.174941e+00 1.256495e+00 1.783658e+00 
186 2233 4.309212e-02 1.783253e+00 3.664771e-01 3.664771e-01 4.317534e-01 5.614274e-01 5.753959e-01 6.115106e-01 6.518679e-01 6.610332e-01 6.824825e-01 7.102682e-01 7.505482e-01 7.864864e-01 8.344515e-01 9.130761e-01 1.089108e+00 1.122015e+00 1.172284e+00 1.253912e+00 1.783253e+00 
187 2245 4.112488e-02 1.776545e+00 3.642349e-01 3.642349e-01 4.300086e-01 5.583038e-01 5.740867e-01 6.104234e-01 6.485266e-01 6.570181e-01 6.791281e-01 7.122306e-01 7.472369e-01 7.836253e-01 8.324778e-01 9.183534e-01 1.085960e+00 1.123344e+00 1.165503e+00 1.247122e+00 1.776545e+00 
188 2257 4.008269e-02 1.798348e+00 3.618589e-01 3.618589e-01 4.287781e-01 5.572559e-01 5.723065e-01 6.063501e-01 6.460347e-01 6.552349e-01 6.765668e-01 7.104063e-01 7.453654e-01 7.853609e-01 8.269881e-01 9.242889e-01 1.083727e+00 1.122920e+00 1.162809e+00 1.245405e+00 1.798348e+00 
189 2269 3.946147e-02 1.815488e+00 3.596220e-01 3.596220e-01 4.257216e-01 5.558921e-01 5.705392e-01 6.047516e-01 6.459477e-01 6.543638e-01 6.733261e-01 7.094115e-01 7.408314e-01 7.828736e-01 8.239744e-01 9.191835e-01 1.079894e+00 1.127279e+00 1.161230e+00 1.249659e+00 1.815488e+00 
190 2281 3.777171e-02 1.815770e+00 3.579388e-01 3.579388e-01 4.244404e-01 5.524755e-01 5.672799e-01 6.022561e-01 6.429949e-01 6.506829e-01 6.693785e-01 7.071796e-01 7.465927e-01 7.780482e-01 8.218318e-01 9.167734e-01 1.079317e+00 1.129460e+00 1.159576e+00 1.247720e+00 1.815770e+00 
191 2293 3.622678e-02 1.804416e+00 3.555660e-01 3.555660e-01 4.213333e-01 5.501146e-01 5.667257e-01 5.994560e-01 6.404836e-01 6.599912e-01 6.670051e-01 7.073966e-01 7.424486e-01 7.727284e-01 8.202785e-01 9.188449e-01 1.088895e+00 1.144153e+00 1.168356e+00 1.246602e+00 1.804416e+00 
192 2305 3.638484e-02 1.808887e+00 3.537357e-01 3.537357e-01 4.198659e-01 5.479208e-01 5.689062e-01 5.961629e-01 6.370604e-01 6.589891e-01 6.685923e-01 7.176319e-01 7.424247e-01 7.700022e-01 8.300055e-01 9.142031e-01 1.082061e+00 1.140877e+00 1.170578e+00 1.243273e+00 1.808887e+00 
193 2317 3.687825e-02 1.809846e+00 3.515937e-01 3.515937e-01 4.169924e-01 5.487019e-01 5.664916e-01 5.925529e-01 6.371236e-01 6.586443e-01 6.646996e-01 7.186877e-01 7.426220e-01 7.722034e-01 8.396403e-01 9.083636e-01 1.077321e+00 1.140155e+00 1.178377e+00 1.235692e+00 1.809846e+00 
194 2329 3.815811e-02 1.803654e+00 3.496822e-01 3.496822e-01 4.151600e-01 5.489604e-01 5.642148e-01 5.891869e-01 6.337486e-01 6.556889e-01 6.668763e-01 7.145511e-01 7.419869e-01 7.760538e-01 8.472346e-01 9.032719e-01 1.072164e+00 1.137781e+00 1.194937e+00 1.242366e+00 1.803654e+00 
195 2341 3.900476e-02 1.814560e+00 3.475492e-01 3.475492e-01 4.120591e-01 5.467491e-01 5.619066e-01 5.866167e-01 6.300110e-01 6.521408e-01 6.675181e-01 7.119370e-01 7.430004e-01 7.768211e-01 8.506651e-01 9.089373e-01 1.067974e+00 1.133184e+00 1.200471e+00 1.263614e+00 1.814560e+00 
196 2353 4.062395e-02 1.821921e+00 3.465459e-01 3.465459e-01 4.098383e-01 5.468628e-01 5.601170e-01 5.850253e-01 6.259626e-01 6.478861e-01 6.676548e-01 7.092955e-01 7.415467e-01 7.873915e-01 8.511679e-01 9.147119e-01 1.063483e+00 1.126812e+00 1.212815e+00 1.265243e+00 1.821921e+00 
197 2365 3.886325e-02 1.817913e+00 3.451633e-01 3.451633e-01 4.083498e-01 5.462998e-01 5.572779e-01 5.869164e-01 6.225647e-01 6.439374e-01 6.668505e-01 7.102138e-01 7.390451e-01 7.869289e-01 8.477330e-01 9.130450e-01 1.057880e+00 1.125013e+00 1.208738e+00 1.264046e+00 1.817913e+00 
198 2377 4.005035e-02 1.815730e+00 3.427724e-01 3.427724e-01 4.069917e-01 5.427348e-01 5.612996e-01 5.895031e-01 6.223163e-01 6.456009e-01 6.676536e-01 7.098598e-01 7.382445e-01 7.881436e-01 8.601584e-01 9.115395e-01 1.076741e+00 1.117979e+00 1.206318e+00 1.287025e+00 1.815730e+00 
199 2389 4.163560e-02 1.813251e+00 3.407618e-01 3.407618e-01 4.042104e-01 5.403305e-01 5.643464e-01 5.860517e-01 6.249792e-01 6.418194e-01 6.674123e-01 7.059443e-01 7.447692e-01 7.867400e-01 8.615755e-01 9.061869e-01 1.083640e+00 1.116522e+00 1.208574e+00 1.296680e+00 1.813251e+00 
200 2401 4.301669e-02 1.806640e+00 3.387736e-01 3.387736e-01 4.027604e-01 5.380459e-01 5.616824e-01 5.893268e-01 6.207805e-01 6.386964e-01 6.639813e-01 7.032455e-01 7.445647e-01 7.940764e-01 8.576480e-01 9.160489e-01 1.094246e+00 1.114066e+00 1.217249e+00 1.319254e+00 1.806640e+00 
201 2413 4.570930e-02 1.815059e+00 3.369515e-01 3.369515e-01 4.011444e-01 5.355849e-01 5.588124e-01 5.875786e-01 6.191331e-01 6.387401e-01 6.603901e-01 7.015849e-01 7.414546e-01 7.905702e-01 8.566190e-01 9.146203e-01 1.095535e+00 1.107844e+00 1.220238e+00 1.361619e+00 1.815059e+00 
202 2425 4.706912e-02 1.807035e+00 3.347457e-01 3.347457e-01 3.993656e-01 5.333462e-01 5.563352e-01 5.897009e-01 6.161527e-01 6.388487e-01 6.604702e-01 6.982685e-01 7.377077e-01 7.951186e-01 8.560141e-01 9.127241e-01 1.093229e+00 1.104390e+00 1.214322e+00 1.384767e+00 1.807035e+00 
203 2437 4.761912e-02 1.804732e+00 3.327136e-01 3.327136e-01 3.973230e-01 5.319751e-01 5.536037e-01 5.862192e-01 6.132895e-01 6.372484e-01 6.575369e-01 6.942718e-01 7.401161e-01 7.919684e-01 8.537489e-01 9.066075e-01 1.089111e+00 1.122736e+00 1.213906e+00 1.396838e+00 1.804732e+00 
204 2449 4.654121e-02 1.809195e+00 3.307556e-01 3.307556e-01 3.946156e-01 5.290166e-01 5.519960e-01 5.849683e-01 6.122104e-01 6.333520e-01 6.549746e-01 6.943466e-01 7.394551e-01 7.894023e-01 8.545468e-01 9.012710e-01 1.085271e+00 1.122328e+00 1.206704e+00 1.398853e+00 1.809195e+00 
205 2461 4.521663e-02 1.840773e+00 3.300699e-01 3.300699e-01 3.927946e-01 5.267143e-01 5.487052e-01 5.830087e-01 6.093555e-01 6.320868e-01 6.532832e-01 6.933393e-01 7.360790e-01 7.858639e-01 8.540862e-01 8.990680e-01 1.080481e+00 1.125146e+00 1.212501e+00 1.393235e+00 1.840773e+00 
206 2473 4.500329e-02 1.835796e+00 3.282640e-01 3.282640e-01 3.900268e-01 5.250508e-01 5.454960e-01 5.843776e-01 6.072054e-01 6.277924e-01 6.537577e-01 6.891920e-01 7.350751e-01 7.821496e-01 8.528351e-01 8.990604e-01 1.075476e+00 1.131991e+00 1.220617e+00 1.411618e+00 1.835796e+00 
207 2485 4.480576e-02 1.827097e+00 3.260941e-01 3.260941e-01 3.880449e-01 5.257048e-01 5.440427e-01 5.802742e-01 6.077552e-01 6.236206e-01 6.525242e-01 6.856848e-01 7.318309e-01 7.816220e-01 8.497045e-01 8.929078e-01 1.077415e+00 1.130253e+00 1.223924e+00 1.422121e+00 1.827097e+00 
208 2497 4.309900e-02 1.847655e+00 3.243801e-01 3.243801e-01 3.859978e-01 5.238300e-01 5.417931e-01 5.765468e-01 6.088142e-01 6.231809e-01 6.501029e-01 6.806995e-01 7.280020e-01 7.800940e-01 8.466662e-01 8.882792e-01 1.070996e+00 1.135064e+00 1.223984e+00 1.431800e+00 1.847655e+00 
209 2509 4.193507e-02 1.860503e+00 3.234012e-01 3.234012e-01 3.853629e-01 5.203663e-01 5.394406e-01 5.731621e-01 6.062486e-01 6.243339e-01 6.477450e-01 6.768309e-01 7.238760e-01 7.786512e-01 8.423898e-01 8.846943e-01 1.072100e+00 1.134497e+00 1.216533e+00 1.431790e+00 1.860503e+00 
210 2521 3.948152e-02 1.892023e+00 3.214798e-01 3.214798e-01 3.841238e-01 5.180823e-01 5.391716e-01 5.694941e-01 6.055727e-01 6.217983e-01 6.462761e-01 6.766140e-01 7.214111e-01 7.751353e-01 8.407667e-01 8.842178e-01 1.074269e+00 1.127832e+00 1.221722e+00 1.431132e+00 1.892023e+00 
211 2533 3.794676e-02 1.885536e+00 3.191417e-01 3.191417e-01 3.831381e-01 5.169935e-01 5.372198e-01 5.680745e-01 6.039082e-01 6.189291e-01 6.451789e-01 6.780797e-01 7.198919e-01 7.719825e-01 8.358650e-01 8.786135e-01 1.076325e+00 1.125326e+00 1.228326e+00 1.433723e+00 1.885536e+00 
212 2545 3.567813e-02 1.873048e+00 3.171234e-01 3.171234e-01 3.809585e-01 5.159658e-01 5.363280e-01 5.642410e-01 6.025771e-01 6.181820e-01 6.419575e-01 6.783240e-01 7.160099e-01 7.716010e-01 8.338672e-01 8.734963e-01 1.073430e+00 1.120895e+00 1.224274e+00 1.429409e+00 1.873048e+00 
213 2557 3.393033e-02 1.885065e+00 3.154523e-01 3.154523e-01 3.805430e-01 5.161211e-01 5.338891e-01 5.604012e-01 6.012022e-01 6.149646e-01 6.379376e-01 6.755197e-01 7.177447e-01 7.696202e-01 8.382907e-01 8.710735e-01 1.071512e+00 1.114592e+00 1.222101e+00 1.426689e+00 1.885065e+00 
214 2569 3.252681e-02 1.894098e+00 3.133006e-01 3.133006e-01 3.783287e-01 5.139398e-01 5.317669e-01 5.602317e-01 5.988579e-01 6.139893e-01 6.427898e-01 6.753296e-01 7.150667e-01 7.730604e-01 8.392507e-01 8.667518e-01 1.070924e+00 1.112496e+00 1.221433e+00 1.423051e+00 1.894098e+00 
215 2581 3.168024e-02 1.894106e+00 3.119068e-01 3.119068e-01 3.757416e-01 5.205143e-01 5.306665e-01 5.605028e-01 5.964125e-01 6.116518e-01 6.479632e-01 6.726758e-01 7.112410e-01 7.683852e-01 8.372916e-01 8.723017e-01 1.070449e+00 1.107171e+00 1.216353e+00 1.418337e+00 1.894106e+00 
216 2593 3.218532e-02 1.892503e+00 3.108250e-01 3.108250e-01 3.742573e-01 5.172317e-01 5.294467e-01 5.580536e-01 5.927804e-01 6.156191e-01 6.547598e-01 6.720922e-01 7.100168e-01 7.662952e-01 8.342896e-01 8.691071e-01 1.066338e+00 1.128871e+00 1.214361e+00 1.418329e+00 1.892503e+00 
217 2605 3.315680e-02 1.897717e+00 3.094023e-01 3.094023e-01 3.722690e-01 5.153472e-01 5.299970e-01 5.571980e-01 5.911560e-01 6.137997e-01 6.558535e-01 6.723185e-01 7.105116e-01 7.645183e-01 8.354150e-01 8.632912e-01 1.059797e+00 1.142545e+00 1.207243e+00 1.409545e+00 1.897717e+00 
218 2617 3.201373e-02 1.898804e+00 3.076696e-01 3.076696e-01 3.708967e-01 5.119090e-01 5.286229e-01 5.554517e-01 5.888434e-01 6.104281e-01 6.560083e-01 6.693394e-01 7.075027e-01 7.597107e-01 8.340912e-01 8.577746e-01 1.057403e+00 1.144312e+00 1.203397e+00 1.400988e+00 1.898804e+00 
219 2629 3.108250e-02 1.896602e+00 3.055774e-01 3.055774e-01 3.697606e-01 5.106075e-01 5.306126e-01 5.534054e-01 5.896161e-01 6.112463e-01 6.536084e-01 6.683680e-01 7.083811e-01 7.554275e-01 8.291040e-01 8.581029e-01 1.056795e+00 1.144100e+00 1.198717e+00 1.400958e+00 1.896602e+00 
220 2641 2.943070e-02 1.888797e+00 3.033809e-01 3.033809e-01 3.692301e-01 5.116003e-01 5.281102e-01 5.573738e-01 5.874757e-01 6.123264e-01 6.505190e-01 6.659008e-01 7.081073e-01 7.506218e-01 8.266873e-01 8.582774e-01 1.057838e+00 1.138132e+00 1.192259e+00 1.393180e+00 1.888797e+00 
221 2653 2.845516e-02 1.887869e+00 3.013109e-01 3.013109e-01 3.683019e-01 5.103145e-01 5.263278e-01 5.616445e-01 5.837519e-01 6.099004e-01 6.460780e-01 6.627556e-01 7.089467e-01 7.455410e-01 8.223318e-01 8.623609e-01 1.077783e+00 1.132265e+00 1.192905e+00 1.405614e+00 1.887869e+00 
222 2665 2.763385e-02 1.877929e+00 2.997120e-01 2.997120e-01 3.664084e-01 5.069741e-01 5.234155e-01 5.631429e-01 5.813309e-01 6.192139e-01 6.454690e-01 6.662128e-01 7.061323e-01 7.514201e-01 8.231339e-01 8.637201e-01 1.078126e+00 1.128517e+00 1.195679e+00 1.408186e+00 1.877929e+00 
223 2677 2.673489e-02 1.870852e+00 2.984406e-01 2.984406e-01 3.663849e-01 5.061187e-01 5.198279e-01 5.658772e-01 5.795805e-01 6.177919e-01 6.419434e-01 6.653544e-01 7.051939e-01 7.522894e-01 8.200412e-01 8.658385e-01 1.071722e+00 1.125015e+00 1.192102e+00 1.411920e+00 1.870852e+00 
224 2689 2.536480e-02 1.866255e+00 2.973286e-01 2.973286e-01 3.643511e-01 5.053662e-01 5.167041e-01 5.629854e-01 5.767491e-01 6.215723e-01 6.436280e-01 6.661748e-01 7.004667e-01 7.506568e-01 8.151741e-01 8.625421e-01 1.068031e+00 1.118529e+00 1.195873e+00 1.417751e+00 1.866255e+00 
225 2701 2.544055e-02 1.878146e+00 2.952904e-01 2.952904e-01 3.618022e-01 5.047896e-01 5.135078e-01 5.615264e-01 5.751449e-01 6.210675e-01 6.415620e-01 6.659205e-01 7.007672e-01 7.495435e-01 8.152757e-01 8.611768e-01 1.063424e+00 1.113216e+00 1.195882e+00 1.436493e+00 1.878146e+00 
226 2713 2.658589e-02 1.912452e+00 2.932611e-01 2.932611e-01 3.614431e-01 5.101968e-01 5.117604e-01 5.614553e-01 5.726161e-01 6.239913e-01 6.401399e-01 6.631189e-01 6.988452e-01 7.482628e-01 8.115041e-01 8.584414e-01 1.064054e+00 1.108331e+00 1.198520e+00 1.443055e+00 1.912452e+00 
227 2725 2.558800e-02 1.915810e+00 2.915043e-01 2.915043e-01 3.604892e-01 5.089903e-01 5.118840e-01 5.585515e-01 5.708251e-01 6.220888e-01 6.389461e-01 6.609061e-01 6.955668e-01 7.479858e-01 8.137300e-01 8.561475e-01 1.057763e+00 1.102370e+00 1.196824e+00 1.444009e+00 1.915810e+00 
228 2737 2.522750e-02 1.908136e+00 2.896620e-01 2.896620e-01 3.585087e-01 5.072719e-01 5.095263e-01 5.549546e-01 5.688464e-01 6.215500e-01 6.358495e-01 6.567203e-01 6.972537e-01 7.522185e-01 8.104657e-01 8.516778e-01 1.055776e+00 1.122322e+00 1.219691e+00 1.440559e+00 1.908136e+00 
229 2749 2.454871e-02 1.902029e+00 2.883803e-01 2.883803e-01 3.566332e-01 5.051421e-01 5.081353e-01 5.542786e-01 5.658126e-01 6.201717e-01 6.319404e-01 6.549184e-01 6.957576e-01 7.511395e-01 8.076727e-01 8.478823e-01 1.050836e+00 1.118631e+00 1.221613e+00 1.448514e+00 1.902029e+00 
230 2761 2.428636e-02 1.896846e+00 2.866981e-01 2.866981e-01 3.544550e-01 5.034475e-01 5.074851e-01 5.507758e-01 5.637392e-01 6.176591e-01 6.320053e-01 6.518849e-01 6.919897e-01 7.464305e-01 8.071565e-01 8.440823e-01 1.054169e+00 1.111258e+00 1.221262e+00 1.461781e+00 1.896846e+00 
231 2773 2.488983e-02 1.892099e+00 2.849732e-01 2.849732e-01 3.521812e-01 5.001363e-01 5.080549e-01 5.483499e-01 5.617594e-01 6.161896e-01 6.303946e-01 6.531011e-01 6.887436e-01 7.480355e-01 8.053587e-01 8.406854e-01 1.050178e+00 1.105315e+00 1.240617e+00 1.473417e+00 1.892099e+00 
