%  columns="iteration, evaluation, void, void, void, xmean" (startseed=212695, 2017/09/27 23:0:50.97)
0 1 0 0 0 1.000000e+00 1.000000e+00 1.000000e+00 1.000000e+00 1.000000e+00 1.000000e+00 1.000000e+00 1.000000e+00 1.000000e+00 1.000000e+00 1.000000e+00 1.000000e+00 1.000000e+00 1.000000e+00 1.000000e+00 1.000000e+00 1.000000e+00 1.000000e+00 
1 13 0 0 0 1.114671e+00 7.216258e-01 1.074812e+00 1.098263e+00 1.059090e+00 9.410488e-01 1.100444e+00 1.057591e+00 1.208418e+00 1.138413e+00 1.196481e+00 9.959805e-01 1.197974e+00 7.043832e-01 1.292643e+00 9.059307e-01 1.045487e+00 1.348545e+00 
2 25 0 0 0 1.208426e+00 7.853743e-01 9.950963e-01 1.126940e+00 1.022107e+00 9.263759e-01 1.269863e+00 6.819532e-01 1.140580e+00 1.201980e+00 1.098404e+00 8.737035e-01 1.278277e+00 7.635974e-01 1.465676e+00 7.759819e-01 1.062770e+00 1.358061e+00 
3 37 0 0 0 1.468110e+00 9.539403e-01 7.411037e-01 9.006102e-01 9.961383e-01 1.096955e+00 1.475816e+00 5.561230e-01 1.265452e+00 1.181301e+00 1.060213e+00 9.320222e-01 1.253308e+00 7.726054e-01 1.598258e+00 9.266546e-01 1.013552e+00 1.255247e+00 
4 49 0 0 0 1.473748e+00 7.758342e-01 7.812629e-01 8.847209e-01 1.063373e+00 1.145659e+00 1.967021e+00 5.418688e-01 1.178235e+00 1.173909e+00 8.663981e-01 6.269982e-01 1.116526e+00 9.457862e-01 1.469712e+00 8.496817e-01 1.172659e+00 9.790946e-01 
5 61 0 0 0 1.312795e+00 6.582841e-01 7.320761e-01 1.037348e+00 1.172654e+00 1.447987e+00 1.846646e+00 5.331172e-01 1.210375e+00 1.305079e+00 8.743101e-01 4.971091e-01 1.225396e+00 6.239054e-01 1.646881e+00 7.222042e-01 1.035363e+00 1.021081e+00 
6 73 0 0 0 1.329546e+00 7.284217e-01 5.601586e-01 1.001776e+00 1.313895e+00 1.413349e+00 1.738580e+00 7.383663e-01 1.336697e+00 1.298140e+00 1.041722e+00 5.019494e-01 1.273340e+00 5.604082e-01 1.815253e+00 7.422042e-01 1.242816e+00 1.005802e+00 
7 85 0 0 0 1.156635e+00 8.640477e-01 4.884772e-01 1.049977e+00 1.143518e+00 1.331876e+00 1.729529e+00 4.578834e-01 1.339122e+00 1.521549e+00 1.080780e+00 4.248361e-01 1.485685e+00 5.292254e-01 1.645756e+00 9.114889e-01 1.343602e+00 1.228843e+00 
8 97 0 0 0 1.155555e+00 7.145771e-01 3.909131e-01 1.015411e+00 1.256360e+00 1.695314e+00 1.672968e+00 5.116578e-01 1.221587e+00 1.644737e+00 1.090674e+00 3.234520e-01 1.621414e+00 4.612978e-01 1.833356e+00 8.917807e-01 1.134081e+00 1.249109e+00 
9 109 0 0 0 1.156528e+00 7.653830e-01 3.080034e-01 7.478624e-01 1.257423e+00 1.681967e+00 1.625298e+00 7.163867e-01 1.175237e+00 1.572721e+00 1.225462e+00 2.570674e-01 1.694215e+00 2.046319e-01 1.670393e+00 5.752834e-01 1.092694e+00 1.399735e+00 
10 121 0 0 0 1.397216e+00 1.067717e+00 2.246334e-01 7.551996e-01 1.130142e+00 1.709280e+00 1.963850e+00 5.509113e-01 1.127929e+00 1.779466e+00 1.203828e+00 2.018211e-01 1.820168e+00 2.052629e-01 1.412165e+00 4.901509e-01 1.204743e+00 1.434657e+00 
11 133 0 0 0 1.118487e+00 1.109983e+00 3.274989e-01 7.892502e-01 1.305674e+00 1.841873e+00 1.766954e+00 5.572783e-01 1.086645e+00 1.742212e+00 1.417528e+00 2.885955e-01 1.831064e+00 2.482570e-01 1.298962e+00 6.825185e-01 1.155337e+00 1.215269e+00 
12 145 0 0 0 1.154980e+00 1.036795e+00 3.034714e-01 8.010321e-01 1.241899e+00 1.762129e+00 1.873620e+00 5.104422e-01 1.387995e+00 1.910289e+00 1.411542e+00 1.900400e-01 1.681983e+00 3.278977e-01 1.231765e+00 7.507663e-01 1.164075e+00 1.110931e+00 
13 157 0 0 0 1.144298e+00 1.151167e+00 2.713989e-01 5.547250e-01 1.434159e+00 1.661046e+00 1.909579e+00 5.789836e-01 1.472714e+00 1.986272e+00 1.352977e+00 2.690330e-01 1.784179e+00 2.598036e-01 1.232760e+00 9.528423e-01 1.204614e+00 1.199127e+00 
14 169 0 0 0 1.217714e+00 1.339852e+00 5.684159e-02 4.931006e-01 1.468405e+00 1.621543e+00 1.973906e+00 6.382360e-01 1.483938e+00 1.887075e+00 1.239612e+00 5.392766e-01 1.926539e+00 1.650378e-01 1.022439e+00 1.011186e+00 1.336883e+00 1.269426e+00 
15 181 0 0 0 1.305581e+00 1.221113e+00 1.905965e-01 5.014282e-01 1.517090e+00 1.632335e+00 2.008264e+00 9.368335e-01 1.627731e+00 1.728779e+00 1.113915e+00 3.503279e-01 1.844848e+00 3.191652e-01 1.058920e+00 8.908001e-01 1.173258e+00 1.187794e+00 
16 193 0 0 0 1.266609e+00 1.306656e+00 2.899251e-01 4.238301e-01 1.695399e+00 1.492434e+00 2.041628e+00 1.119565e+00 1.493247e+00 1.592100e+00 1.177153e+00 3.922390e-01 1.933000e+00 4.646514e-01 1.048389e+00 9.957360e-01 1.268226e+00 1.117313e+00 
17 205 0 0 0 1.229607e+00 1.091734e+00 3.390381e-01 3.556951e-01 1.636425e+00 1.578056e+00 1.861526e+00 1.093195e+00 1.407606e+00 1.717174e+00 1.119519e+00 2.725298e-01 1.686260e+00 5.404248e-01 1.080557e+00 1.050592e+00 1.242034e+00 1.280426e+00 
18 217 0 0 0 1.370275e+00 1.182865e+00 4.015992e-01 3.929742e-01 1.455844e+00 1.468642e+00 1.938807e+00 1.166005e+00 1.360130e+00 1.627775e+00 1.022309e+00 1.380080e-01 1.617857e+00 4.781083e-01 1.038749e+00 1.203631e+00 1.374393e+00 1.355969e+00 
19 229 0 0 0 1.453078e+00 1.193139e+00 4.311776e-01 5.350401e-01 1.517437e+00 1.528526e+00 2.016473e+00 9.268247e-01 1.531176e+00 1.481276e+00 9.827756e-01 1.279938e-01 1.465696e+00 4.543035e-01 1.011123e+00 1.100595e+00 1.375938e+00 1.462862e+00 
20 241 0 0 0 1.378117e+00 1.069133e+00 3.664971e-01 6.208338e-01 1.648915e+00 1.469347e+00 1.980546e+00 1.056160e+00 1.607830e+00 1.466657e+00 1.003132e+00 1.670978e-01 1.477658e+00 7.401452e-01 1.249282e+00 1.076898e+00 1.502648e+00 1.497268e+00 
21 253 0 0 0 1.388418e+00 1.165484e+00 2.588991e-01 7.771367e-01 1.700137e+00 1.616765e+00 1.975343e+00 9.553083e-01 1.633943e+00 1.535287e+00 1.012391e+00 1.037491e-01 1.375559e+00 6.635837e-01 1.282542e+00 1.110657e+00 1.459236e+00 1.448738e+00 
22 265 0 0 0 1.322788e+00 1.095477e+00 1.214337e-01 7.880509e-01 1.665507e+00 1.632159e+00 2.078733e+00 1.022559e+00 1.777642e+00 1.443196e+00 1.150309e+00 1.133654e-01 1.348724e+00 7.034280e-01 1.387035e+00 1.062396e+00 1.447881e+00 1.452071e+00 
23 277 0 0 0 1.441594e+00 1.029882e+00 2.574240e-01 6.976565e-01 1.657018e+00 1.683840e+00 2.064345e+00 1.054187e+00 1.782589e+00 1.360578e+00 1.127345e+00 3.930675e-01 1.360178e+00 8.822840e-01 1.394440e+00 9.609778e-01 1.433685e+00 1.320620e+00 
24 289 0 0 0 1.355102e+00 9.902322e-01 3.958819e-01 8.293107e-01 1.681201e+00 1.789734e+00 1.967726e+00 9.967579e-01 1.769779e+00 1.261835e+00 1.144042e+00 4.805395e-01 1.325643e+00 7.935592e-01 1.208992e+00 8.189941e-01 1.359501e+00 1.348603e+00 
25 301 0 0 0 1.408731e+00 8.121760e-01 4.173915e-01 6.906592e-01 1.538035e+00 1.879319e+00 2.006437e+00 1.040201e+00 1.768811e+00 1.290098e+00 9.980597e-01 5.178472e-01 1.285618e+00 8.179543e-01 1.464493e+00 8.316381e-01 1.609824e+00 1.173899e+00 
26 313 0 0 0 1.525231e+00 8.547804e-01 3.812850e-01 6.277135e-01 1.532675e+00 1.715074e+00 2.105107e+00 9.138587e-01 1.835908e+00 1.262212e+00 9.906631e-01 5.088798e-01 1.104427e+00 6.387401e-01 1.451885e+00 7.782422e-01 1.433099e+00 1.142082e+00 
27 325 0 0 0 1.531775e+00 8.855669e-01 3.130547e-01 5.189171e-01 1.587358e+00 1.817338e+00 2.057040e+00 8.311220e-01 1.843621e+00 1.417592e+00 9.928776e-01 3.718147e-01 1.198216e+00 6.167610e-01 1.683480e+00 6.945009e-01 1.488397e+00 1.088528e+00 
28 337 0 0 0 1.422186e+00 8.865513e-01 3.003306e-01 5.363699e-01 1.623054e+00 1.823509e+00 1.993034e+00 1.063283e+00 1.703742e+00 1.381948e+00 1.039550e+00 4.646222e-01 1.282030e+00 5.463488e-01 1.630467e+00 5.599509e-01 1.561076e+00 1.003324e+00 
29 349 0 0 0 1.399722e+00 8.307242e-01 2.845039e-01 5.382299e-01 1.667830e+00 1.891029e+00 1.987514e+00 9.949288e-01 1.664071e+00 1.345913e+00 1.003897e+00 3.346233e-01 1.317644e+00 4.747886e-01 1.663041e+00 4.855704e-01 1.547163e+00 1.049685e+00 
30 361 0 0 0 1.442226e+00 7.754617e-01 3.897459e-01 6.796364e-01 1.591939e+00 1.878771e+00 1.969567e+00 1.073037e+00 1.632873e+00 1.306329e+00 9.213830e-01 4.367527e-01 1.166172e+00 4.616703e-01 1.432450e+00 5.265991e-01 1.640298e+00 9.884153e-01 
31 373 0 0 0 1.312031e+00 6.871867e-01 4.783827e-01 7.229188e-01 1.591018e+00 1.963290e+00 1.925093e+00 1.020428e+00 1.607500e+00 1.286911e+00 1.056516e+00 3.981262e-01 1.166195e+00 3.368180e-01 1.581535e+00 5.309070e-01 1.571716e+00 1.019243e+00 
32 385 0 0 0 1.245910e+00 7.257651e-01 4.771800e-01 7.229272e-01 1.678710e+00 1.944608e+00 1.973465e+00 9.734314e-01 1.755890e+00 1.204307e+00 1.069212e+00 3.748919e-01 1.071505e+00 4.512577e-01 1.637364e+00 6.052544e-01 1.548295e+00 9.196159e-01 
33 397 0 0 0 1.169268e+00 7.919893e-01 4.377162e-01 6.693978e-01 1.554647e+00 1.925137e+00 1.943128e+00 1.036861e+00 1.715889e+00 1.215745e+00 1.033227e+00 4.669562e-01 1.105304e+00 3.397400e-01 1.686752e+00 7.656003e-01 1.675780e+00 7.650338e-01 
34 409 0 0 0 1.110902e+00 8.770616e-01 3.272542e-01 7.583449e-01 1.473310e+00 2.024705e+00 1.855984e+00 9.469309e-01 1.803407e+00 1.319862e+00 1.004297e+00 5.940034e-01 1.208050e+00 3.693782e-01 1.780940e+00 7.317727e-01 1.701675e+00 7.852373e-01 
35 421 0 0 0 1.067877e+00 9.018509e-01 3.339362e-01 7.738447e-01 1.491937e+00 1.913748e+00 1.767327e+00 8.739517e-01 1.819989e+00 1.353277e+00 1.061520e+00 7.369086e-01 1.241719e+00 4.332430e-01 1.781402e+00 7.370313e-01 1.761379e+00 9.106096e-01 
36 433 0 0 0 1.177913e+00 8.487578e-01 2.449636e-01 8.173955e-01 1.584580e+00 1.835947e+00 1.710158e+00 8.807829e-01 1.948455e+00 1.355433e+00 1.116662e+00 6.037092e-01 1.146933e+00 4.979486e-01 1.929789e+00 7.384029e-01 1.815621e+00 7.948251e-01 
37 445 0 0 0 1.127533e+00 8.793540e-01 2.662607e-01 8.267705e-01 1.491218e+00 1.837839e+00 1.751566e+00 9.281770e-01 1.883300e+00 1.413378e+00 1.213357e+00 5.729806e-01 1.194137e+00 5.497181e-01 1.662742e+00 7.245964e-01 1.673606e+00 8.953962e-01 
38 457 0 0 0 9.889328e-01 8.527741e-01 3.728702e-01 8.076510e-01 1.481140e+00 1.697026e+00 1.742538e+00 1.001504e+00 1.923205e+00 1.413636e+00 1.177765e+00 6.264595e-01 1.280824e+00 5.611453e-01 1.681682e+00 6.674777e-01 1.667235e+00 9.708213e-01 
39 469 0 0 0 1.047770e+00 9.180982e-01 3.251331e-01 9.522567e-01 1.531319e+00 1.627004e+00 1.846297e+00 1.035894e+00 2.016812e+00 1.441305e+00 1.137055e+00 4.969809e-01 1.332734e+00 6.155115e-01 1.701578e+00 7.257534e-01 1.708421e+00 9.483873e-01 
40 481 0 0 0 9.042143e-01 8.916226e-01 3.193491e-01 9.936435e-01 1.460234e+00 1.636397e+00 1.886833e+00 9.550843e-01 2.018625e+00 1.524554e+00 1.153106e+00 4.323193e-01 1.341131e+00 5.547078e-01 1.699695e+00 7.224495e-01 1.655813e+00 8.048140e-01 
41 493 0 0 0 9.101322e-01 9.164338e-01 3.223811e-01 9.535938e-01 1.505853e+00 1.623754e+00 1.823900e+00 1.026458e+00 1.960392e+00 1.397436e+00 1.065886e+00 4.778747e-01 1.338867e+00 5.333872e-01 1.630108e+00 7.934101e-01 1.637994e+00 8.202089e-01 
42 505 0 0 0 8.875951e-01 8.748367e-01 2.489802e-01 9.337323e-01 1.462176e+00 1.618255e+00 1.973287e+00 1.077217e+00 1.964481e+00 1.482118e+00 1.090708e+00 3.841360e-01 1.460683e+00 6.648961e-01 1.736296e+00 7.352715e-01 1.742532e+00 8.396974e-01 
43 517 0 0 0 8.530672e-01 8.057573e-01 2.786442e-01 9.178672e-01 1.424483e+00 1.704524e+00 2.058485e+00 1.171691e+00 1.928786e+00 1.464224e+00 1.114378e+00 3.447515e-01 1.421330e+00 6.691489e-01 1.696938e+00 7.662737e-01 1.637796e+00 8.604871e-01 
44 529 0 0 0 8.016684e-01 8.125395e-01 2.702965e-01 9.607314e-01 1.437231e+00 1.687954e+00 2.037887e+00 1.140562e+00 1.945398e+00 1.506009e+00 1.119433e+00 4.540850e-01 1.464159e+00 6.581849e-01 1.715107e+00 6.288931e-01 1.648798e+00 7.932112e-01 
45 541 0 0 0 7.254954e-01 7.059336e-01 2.718294e-01 9.820933e-01 1.548341e+00 1.818661e+00 2.080717e+00 1.180620e+00 1.965965e+00 1.481639e+00 1.111500e+00 3.811340e-01 1.503749e+00 7.038506e-01 1.674721e+00 6.848584e-01 1.585341e+00 7.503705e-01 
46 553 0 0 0 7.671663e-01 7.304163e-01 2.271919e-01 9.341235e-01 1.566734e+00 1.801384e+00 2.184460e+00 1.196084e+00 1.994260e+00 1.474163e+00 1.071197e+00 3.166783e-01 1.531357e+00 7.471520e-01 1.712168e+00 6.245039e-01 1.531661e+00 7.218894e-01 
47 565 0 0 0 8.703716e-01 6.783749e-01 2.038142e-01 9.421570e-01 1.623865e+00 1.889331e+00 2.338729e+00 1.073861e+00 2.066048e+00 1.603249e+00 1.080598e+00 3.677722e-01 1.594936e+00 7.078339e-01 1.803949e+00 6.401109e-01 1.520184e+00 6.815046e-01 
48 577 0 0 0 8.937244e-01 6.940796e-01 2.120572e-01 1.079712e+00 1.561180e+00 1.881808e+00 2.462459e+00 1.016439e+00 2.047921e+00 1.585696e+00 1.206791e+00 5.379173e-01 1.577386e+00 6.640216e-01 1.753815e+00 6.221028e-01 1.446176e+00 7.158183e-01 
49 589 0 0 0 9.793848e-01 6.131652e-01 2.490763e-01 1.196708e+00 1.547154e+00 1.814266e+00 2.656409e+00 9.866668e-01 2.002199e+00 1.640934e+00 1.240619e+00 5.819362e-01 1.686486e+00 7.164983e-01 1.732076e+00 5.920459e-01 1.437921e+00 6.764637e-01 
50 601 0 0 0 1.015250e+00 4.930001e-01 2.965804e-01 1.208418e+00 1.536986e+00 1.719482e+00 2.740587e+00 1.016040e+00 2.064663e+00 1.405030e+00 1.273563e+00 6.056848e-01 1.588595e+00 7.751754e-01 1.778709e+00 4.574558e-01 1.344255e+00 7.210337e-01 
51 613 0 0 0 1.088355e+00 4.174426e-01 4.021963e-01 1.149553e+00 1.590360e+00 1.658800e+00 2.578447e+00 1.137264e+00 1.966227e+00 1.264145e+00 1.309606e+00 5.909248e-01 1.506183e+00 7.787340e-01 1.773650e+00 3.610539e-01 1.385808e+00 6.600791e-01 
52 625 0 0 0 1.164068e+00 3.964196e-01 4.000539e-01 1.127555e+00 1.576704e+00 1.580280e+00 2.518073e+00 1.134322e+00 1.901043e+00 1.147431e+00 1.302090e+00 5.775181e-01 1.484920e+00 8.974263e-01 1.828787e+00 3.063453e-01 1.363689e+00 4.968738e-01 
53 637 0 0 0 1.211616e+00 4.501265e-01 4.321508e-01 1.218295e+00 1.602489e+00 1.647913e+00 2.588680e+00 1.173241e+00 2.000072e+00 1.019576e+00 1.365196e+00 5.702904e-01 1.501905e+00 9.472403e-01 1.864097e+00 1.694355e-01 1.283457e+00 5.009034e-01 
54 649 0 0 0 1.151951e+00 4.099461e-01 4.060186e-01 1.224148e+00 1.700482e+00 1.621272e+00 2.692850e+00 1.279615e+00 1.980674e+00 1.029157e+00 1.320544e+00 5.770913e-01 1.483627e+00 9.520627e-01 1.869286e+00 2.364126e-01 1.302868e+00 5.659109e-01 
55 661 0 0 0 1.221296e+00 5.210374e-01 3.055238e-01 1.300482e+00 1.886037e+00 1.597547e+00 2.513128e+00 1.186866e+00 2.013114e+00 9.228920e-01 1.176041e+00 5.332542e-01 1.603484e+00 8.986855e-01 1.984471e+00 2.896887e-01 1.298195e+00 5.735291e-01 
56 673 0 0 0 1.213930e+00 4.203960e-01 2.907801e-01 1.311494e+00 1.811424e+00 1.559535e+00 2.493874e+00 1.151823e+00 1.967216e+00 9.563361e-01 1.174176e+00 4.951847e-01 1.513777e+00 9.408398e-01 2.039731e+00 2.438147e-01 1.378707e+00 6.188525e-01 
57 685 0 0 0 1.187301e+00 3.745165e-01 2.836545e-01 1.406036e+00 1.833930e+00 1.555227e+00 2.686453e+00 1.020759e+00 1.948475e+00 1.072710e+00 1.149791e+00 4.730663e-01 1.552557e+00 9.316250e-01 2.036641e+00 2.710794e-01 1.293386e+00 6.218481e-01 
58 697 0 0 0 1.232293e+00 3.218896e-01 2.274969e-01 1.384478e+00 1.999539e+00 1.472418e+00 2.679499e+00 9.739396e-01 1.961550e+00 1.045152e+00 1.044663e+00 4.073891e-01 1.476933e+00 9.722288e-01 2.092936e+00 3.469822e-01 1.312922e+00 6.671577e-01 
59 709 0 0 0 1.099899e+00 3.345074e-01 5.120740e-02 1.213767e+00 1.931630e+00 1.428436e+00 2.584251e+00 9.900055e-01 1.966889e+00 1.173597e+00 9.863585e-01 4.027300e-01 1.535489e+00 8.724364e-01 2.099608e+00 4.355971e-01 1.234941e+00 6.977933e-01 
60 721 0 0 0 9.887620e-01 2.949989e-01 1.366567e-01 1.127135e+00 1.957212e+00 1.378834e+00 2.626400e+00 9.988870e-01 2.034633e+00 1.150096e+00 8.908676e-01 5.576296e-01 1.568782e+00 9.161144e-01 2.129454e+00 5.849326e-01 1.235844e+00 7.004545e-01 
61 733 0 0 0 1.010256e+00 1.628524e-01 1.172724e-01 1.118887e+00 1.908640e+00 1.346721e+00 2.677553e+00 9.041611e-01 2.037537e+00 1.135171e+00 9.029128e-01 4.961752e-01 1.475590e+00 1.041827e+00 2.129198e+00 4.045310e-01 1.157527e+00 8.632486e-01 
62 745 0 0 0 1.059859e+00 1.552661e-01 9.893739e-02 1.002190e+00 1.814645e+00 1.248214e+00 2.816440e+00 1.032202e+00 2.090504e+00 1.079899e+00 8.869834e-01 5.783134e-01 1.518146e+00 1.127621e+00 2.164321e+00 4.747723e-01 1.004645e+00 9.118837e-01 
63 757 0 0 0 1.098893e+00 1.484074e-01 1.291485e-01 1.142061e+00 1.651879e+00 1.167523e+00 2.841803e+00 1.046385e+00 2.014831e+00 1.034377e+00 8.476311e-01 5.532804e-01 1.531144e+00 1.222324e+00 2.256605e+00 4.385880e-01 1.054524e+00 8.565935e-01 
64 769 0 0 0 1.178690e+00 2.751839e-01 1.694447e-01 1.084685e+00 1.778466e+00 1.092764e+00 2.679432e+00 1.101057e+00 1.945165e+00 9.636975e-01 9.272796e-01 5.823966e-01 1.508647e+00 1.277512e+00 2.243801e+00 6.297723e-01 1.037123e+00 8.648004e-01 
65 781 0 0 0 1.185947e+00 4.021172e-01 2.450263e-02 9.438978e-01 1.760879e+00 9.394412e-01 2.616902e+00 1.164849e+00 1.903368e+00 9.866454e-01 8.851666e-01 4.279682e-01 1.380661e+00 1.100068e+00 2.124848e+00 6.805969e-01 1.046978e+00 8.624270e-01 
66 793 0 0 0 1.051499e+00 4.471634e-01 2.066354e-01 1.005373e+00 1.680054e+00 1.021192e+00 2.593957e+00 1.255694e+00 1.939816e+00 1.097216e+00 8.116540e-01 3.104797e-01 1.493531e+00 1.103159e+00 1.927530e+00 7.154599e-01 1.002816e+00 8.738114e-01 
67 805 0 0 0 1.044870e+00 4.954601e-01 9.962875e-02 9.154470e-01 1.782830e+00 1.112553e+00 2.526904e+00 1.274098e+00 1.912720e+00 1.272128e+00 8.063791e-01 2.125445e-01 1.624293e+00 1.026125e+00 1.840037e+00 7.653842e-01 1.044742e+00 7.849157e-01 
68 817 0 0 0 1.117281e+00 5.536288e-01 1.716104e-01 1.074019e+00 1.734411e+00 9.904349e-01 2.524526e+00 1.401274e+00 1.990218e+00 1.203069e+00 8.659653e-01 3.170744e-01 1.545301e+00 1.145779e+00 1.812711e+00 6.869532e-01 9.468396e-01 8.381949e-01 
69 829 0 0 0 1.160075e+00 4.436309e-01 1.777142e-01 1.114016e+00 1.760938e+00 9.815596e-01 2.568619e+00 1.495316e+00 1.948150e+00 1.097916e+00 8.595320e-01 3.763772e-01 1.472531e+00 1.256414e+00 1.787020e+00 6.827128e-01 9.767566e-01 8.732504e-01 
70 841 0 0 0 1.169128e+00 5.548165e-01 3.201525e-01 9.913463e-01 1.706770e+00 1.090173e+00 2.512799e+00 1.479253e+00 1.961831e+00 1.108752e+00 8.125713e-01 3.968260e-01 1.585659e+00 1.198347e+00 1.676734e+00 7.457236e-01 1.090171e+00 9.329222e-01 
71 853 0 0 0 1.231977e+00 4.487081e-01 3.517955e-01 9.418183e-01 1.657655e+00 1.135371e+00 2.549056e+00 1.467900e+00 1.783482e+00 9.670997e-01 8.003698e-01 3.845362e-01 1.597295e+00 1.258555e+00 1.693447e+00 7.840217e-01 1.155757e+00 8.312551e-01 
72 865 0 0 0 1.167414e+00 3.820019e-01 4.308969e-01 9.940416e-01 1.798807e+00 1.160032e+00 2.586278e+00 1.546548e+00 1.828931e+00 9.184173e-01 6.897903e-01 2.732924e-01 1.696210e+00 1.377270e+00 1.616712e+00 7.102958e-01 1.105661e+00 1.002132e+00 
73 877 0 0 0 1.121367e+00 3.562171e-01 4.082353e-01 9.508546e-01 1.830186e+00 1.224621e+00 2.649115e+00 1.535276e+00 1.786105e+00 9.364965e-01 6.638168e-01 3.402623e-01 1.792470e+00 1.370302e+00 1.759782e+00 7.595111e-01 1.119772e+00 1.076633e+00 
74 889 0 0 0 1.126126e+00 3.802296e-01 3.936814e-01 9.829691e-01 1.834709e+00 1.210716e+00 2.697930e+00 1.547206e+00 1.756039e+00 9.563798e-01 8.522267e-01 2.850610e-01 1.783808e+00 1.314877e+00 1.739123e+00 7.328822e-01 9.916866e-01 1.042768e+00 
75 901 0 0 0 1.135269e+00 3.160817e-01 3.777809e-01 9.185675e-01 1.802323e+00 1.244792e+00 2.734214e+00 1.518863e+00 1.751740e+00 1.052605e+00 8.762037e-01 2.648019e-01 1.806058e+00 1.192779e+00 1.653891e+00 6.225220e-01 1.056606e+00 9.457171e-01 
76 913 0 0 0 1.096815e+00 3.346391e-01 4.399496e-01 1.003685e+00 1.666808e+00 1.099435e+00 2.638621e+00 1.566656e+00 1.700244e+00 9.613894e-01 7.864523e-01 2.347205e-01 1.715018e+00 1.283365e+00 1.655675e+00 6.446453e-01 1.110775e+00 8.764084e-01 
77 925 0 0 0 1.110593e+00 3.672929e-01 4.788859e-01 9.908002e-01 1.549804e+00 1.036781e+00 2.624089e+00 1.568070e+00 1.684551e+00 9.204064e-01 7.986510e-01 2.474034e-01 1.674780e+00 1.348498e+00 1.603033e+00 7.229504e-01 1.061256e+00 9.962473e-01 
78 937 0 0 0 1.153552e+00 3.434915e-01 5.370832e-01 9.355694e-01 1.590159e+00 1.049609e+00 2.684172e+00 1.547242e+00 1.638005e+00 9.210070e-01 8.488949e-01 3.585791e-01 1.763536e+00 1.408820e+00 1.581977e+00 7.944144e-01 1.084036e+00 9.468572e-01 
79 949 0 0 0 1.208582e+00 2.239243e-01 5.473107e-01 1.005702e+00 1.604656e+00 1.075580e+00 2.775516e+00 1.463186e+00 1.676085e+00 9.627413e-01 8.159319e-01 3.887013e-01 1.720899e+00 1.394866e+00 1.590579e+00 8.207718e-01 1.125203e+00 9.681391e-01 
80 961 0 0 0 1.243154e+00 1.743455e-01 5.934829e-01 1.065328e+00 1.628471e+00 1.102392e+00 2.827061e+00 1.501722e+00 1.619283e+00 8.833146e-01 9.094349e-01 3.227017e-01 1.698032e+00 1.454140e+00 1.617813e+00 7.484405e-01 1.187130e+00 7.999794e-01 
81 973 0 0 0 1.206501e+00 1.769254e-01 5.884300e-01 1.078918e+00 1.588123e+00 1.115440e+00 2.769356e+00 1.493636e+00 1.620730e+00 8.549813e-01 9.528907e-01 2.926863e-01 1.625228e+00 1.424016e+00 1.579682e+00 7.638402e-01 1.202956e+00 7.976899e-01 
82 985 0 0 0 1.176875e+00 2.925252e-01 6.389160e-01 1.073204e+00 1.635714e+00 1.184060e+00 2.788021e+00 1.452844e+00 1.636466e+00 8.427849e-01 1.033118e+00 3.177873e-01 1.623444e+00 1.329536e+00 1.621409e+00 7.821228e-01 1.276980e+00 7.709050e-01 
83 997 0 0 0 1.173377e+00 2.486625e-01 6.804675e-01 1.034949e+00 1.615293e+00 1.222091e+00 2.816420e+00 1.359802e+00 1.683841e+00 8.484739e-01 1.007668e+00 2.319376e-01 1.643988e+00 1.291025e+00 1.643671e+00 7.978869e-01 1.287231e+00 7.238532e-01 
84 1009 0 0 0 1.187943e+00 2.467535e-01 6.779692e-01 9.687385e-01 1.620180e+00 1.323245e+00 2.850231e+00 1.349223e+00 1.721662e+00 8.699823e-01 9.589770e-01 2.977168e-01 1.624169e+00 1.280459e+00 1.612572e+00 8.056351e-01 1.272187e+00 6.556417e-01 
85 1021 0 0 0 1.203060e+00 2.775860e-01 7.714036e-01 9.948970e-01 1.609569e+00 1.348797e+00 2.819503e+00 1.352729e+00 1.634199e+00 7.481262e-01 9.620554e-01 2.075669e-01 1.649929e+00 1.346203e+00 1.589212e+00 8.481611e-01 1.273954e+00 5.999201e-01 
86 1033 0 0 0 1.206397e+00 2.735904e-01 7.570641e-01 9.983160e-01 1.644693e+00 1.314616e+00 2.912705e+00 1.337969e+00 1.653725e+00 6.447105e-01 8.720139e-01 2.486331e-01 1.608068e+00 1.254007e+00 1.632750e+00 8.262391e-01 1.175464e+00 7.357187e-01 
87 1045 0 0 0 1.195329e+00 2.456808e-01 7.350186e-01 1.067981e+00 1.636670e+00 1.345584e+00 2.995936e+00 1.335761e+00 1.751927e+00 6.076978e-01 8.720801e-01 2.576349e-01 1.555315e+00 1.263591e+00 1.767434e+00 7.701008e-01 1.185829e+00 7.179100e-01 
88 1057 0 0 0 1.126860e+00 1.720670e-01 7.900597e-01 9.861692e-01 1.578956e+00 1.314199e+00 3.033478e+00 1.303533e+00 1.801427e+00 5.248872e-01 9.834645e-01 2.281518e-01 1.564519e+00 1.240107e+00 1.779543e+00 6.861442e-01 1.185579e+00 7.150403e-01 
89 1069 0 0 0 1.066508e+00 1.453674e-01 7.711840e-01 9.909270e-01 1.531243e+00 1.395255e+00 3.017377e+00 1.331148e+00 1.855271e+00 5.879935e-01 9.690567e-01 2.171779e-01 1.573194e+00 1.228625e+00 1.766581e+00 6.834557e-01 1.223331e+00 7.602300e-01 
90 1081 0 0 0 1.089266e+00 1.957967e-01 7.311648e-01 1.104020e+00 1.512537e+00 1.439670e+00 3.001228e+00 1.280330e+00 1.859892e+00 5.878397e-01 1.010759e+00 1.946333e-01 1.542240e+00 1.298307e+00 1.886758e+00 5.958129e-01 1.116957e+00 7.813076e-01 
91 1093 0 0 0 1.065545e+00 5.717284e-02 6.667727e-01 1.157015e+00 1.547040e+00 1.365460e+00 2.935383e+00 1.287475e+00 1.867001e+00 5.595891e-01 9.987186e-01 2.684523e-01 1.568219e+00 1.401192e+00 1.972663e+00 4.633180e-01 1.104847e+00 7.799067e-01 
92 1105 0 0 0 1.028230e+00 1.049208e-01 6.464846e-01 1.119731e+00 1.658366e+00 1.390698e+00 2.873083e+00 1.320478e+00 1.892214e+00 5.698875e-01 1.009693e+00 2.368529e-01 1.574889e+00 1.402736e+00 2.019711e+00 3.892157e-01 1.083552e+00 7.525156e-01 
93 1117 0 0 0 1.075445e+00 2.376650e-01 6.733276e-01 1.096746e+00 1.686264e+00 1.337103e+00 2.776563e+00 1.332180e+00 1.931536e+00 5.992111e-01 1.015372e+00 2.781357e-01 1.555197e+00 1.455402e+00 1.937141e+00 4.349666e-01 1.024332e+00 8.723004e-01 
94 1129 0 0 0 1.058686e+00 1.259060e-01 6.313488e-01 1.162536e+00 1.670518e+00 1.289854e+00 2.746202e+00 1.321582e+00 2.018918e+00 5.600183e-01 1.000639e+00 2.487669e-01 1.565037e+00 1.455970e+00 2.032987e+00 3.567149e-01 1.105963e+00 8.599881e-01 
95 1141 0 0 0 1.005678e+00 8.757605e-02 6.235855e-01 1.165214e+00 1.560313e+00 1.278802e+00 2.694666e+00 1.402627e+00 2.066802e+00 4.939157e-01 1.019638e+00 2.553108e-01 1.520729e+00 1.488871e+00 2.100995e+00 3.321736e-01 1.155392e+00 8.293811e-01 
96 1153 0 0 0 9.963941e-01 7.552522e-02 5.994356e-01 1.191113e+00 1.564167e+00 1.255102e+00 2.706778e+00 1.422667e+00 2.125691e+00 4.158390e-01 1.067332e+00 2.976067e-01 1.492376e+00 1.527990e+00 2.186720e+00 2.193395e-01 1.082123e+00 8.760094e-01 
97 1165 0 0 0 9.739318e-01 1.834439e-02 6.585152e-01 1.152054e+00 1.537338e+00 1.210938e+00 2.865073e+00 1.401563e+00 2.111704e+00 4.709727e-01 1.063235e+00 1.934901e-01 1.509013e+00 1.508203e+00 2.210054e+00 3.196913e-01 1.057538e+00 7.908555e-01 
98 1177 0 0 0 9.917425e-01 5.960741e-02 6.454452e-01 1.017852e+00 1.519729e+00 1.203885e+00 2.881493e+00 1.377405e+00 2.112553e+00 5.333466e-01 1.064667e+00 3.245806e-01 1.587532e+00 1.494141e+00 2.233164e+00 3.546389e-01 1.149885e+00 7.439620e-01 
99 1189 0 0 0 1.007550e+00 8.854039e-02 5.965985e-01 1.031237e+00 1.709998e+00 1.200714e+00 2.804953e+00 1.330957e+00 1.969425e+00 5.856308e-01 1.077848e+00 3.687561e-01 1.625488e+00 1.407618e+00 2.149540e+00 3.146769e-01 1.151565e+00 7.225667e-01 
100 1201 0 0 0 1.044605e+00 9.683279e-02 5.939810e-01 1.086334e+00 1.700594e+00 1.244926e+00 2.800510e+00 1.260466e+00 2.036927e+00 5.458066e-01 1.069445e+00 3.490086e-01 1.587110e+00 1.342907e+00 2.193834e+00 1.762973e-01 1.130666e+00 7.312623e-01 
101 1213 0 0 0 1.135225e+00 1.598850e-01 4.989876e-01 1.039917e+00 1.706816e+00 1.266357e+00 2.779450e+00 1.278155e+00 1.996929e+00 5.622814e-01 1.069888e+00 3.043477e-01 1.612649e+00 1.400909e+00 2.167156e+00 2.183206e-01 1.118937e+00 7.795777e-01 
102 1225 0 0 0 1.094746e+00 1.448125e-01 5.183839e-01 9.983153e-01 1.722627e+00 1.255182e+00 2.770987e+00 1.279463e+00 1.953334e+00 5.958293e-01 1.049689e+00 3.164643e-01 1.634279e+00 1.395921e+00 2.171120e+00 1.762415e-01 1.071227e+00 7.932097e-01 
103 1237 0 0 0 1.113956e+00 1.471919e-01 5.107772e-01 8.646965e-01 1.705448e+00 1.173326e+00 2.746938e+00 1.332829e+00 1.961363e+00 4.810338e-01 1.124287e+00 2.858243e-01 1.597162e+00 1.438736e+00 2.163647e+00 1.360328e-01 1.083402e+00 7.712170e-01 
104 1249 0 0 0 1.125882e+00 1.281165e-01 5.431560e-01 9.433854e-01 1.699196e+00 1.121955e+00 2.817402e+00 1.414604e+00 1.936712e+00 4.752374e-01 1.166385e+00 2.366850e-01 1.617039e+00 1.446842e+00 2.177643e+00 1.170412e-01 1.114432e+00 6.763575e-01 
105 1261 0 0 0 1.080613e+00 4.027776e-02 5.164224e-01 1.021485e+00 1.693771e+00 1.171311e+00 2.880836e+00 1.360194e+00 2.003564e+00 4.612595e-01 1.194567e+00 2.355031e-01 1.585217e+00 1.429696e+00 2.256737e+00 3.592752e-02 1.075435e+00 5.922859e-01 
106 1273 0 0 0 1.090166e+00 4.211855e-02 5.032752e-01 1.082575e+00 1.699266e+00 1.179847e+00 2.946479e+00 1.366858e+00 2.058166e+00 3.955088e-01 1.211281e+00 2.129322e-01 1.608063e+00 1.388153e+00 2.348680e+00 -1.044081e-01 1.097710e+00 6.236991e-01 
107 1285 0 0 0 1.054797e+00 7.549161e-02 5.577634e-01 1.149959e+00 1.638375e+00 1.197247e+00 2.944844e+00 1.442598e+00 2.118741e+00 4.919457e-01 1.130973e+00 2.674216e-01 1.641854e+00 1.368128e+00 2.305233e+00 -4.047042e-02 1.137400e+00 6.264986e-01 
108 1297 0 0 0 9.856993e-01 -2.402670e-03 6.065766e-01 1.241030e+00 1.628099e+00 1.262449e+00 2.986342e+00 1.458126e+00 2.068025e+00 4.590673e-01 1.205456e+00 2.952196e-01 1.675474e+00 1.430105e+00 2.328320e+00 -8.616259e-02 1.132600e+00 5.611350e-01 
109 1309 0 0 0 9.732301e-01 -6.723215e-02 6.733121e-01 1.206607e+00 1.654138e+00 1.283863e+00 3.012316e+00 1.435493e+00 2.041951e+00 4.106437e-01 1.275318e+00 2.876785e-01 1.710913e+00 1.398964e+00 2.270934e+00 -1.131389e-01 1.120909e+00 4.835343e-01 
110 1321 0 0 0 8.939011e-01 -5.303437e-02 7.142520e-01 1.209084e+00 1.601902e+00 1.281235e+00 3.020283e+00 1.556844e+00 1.982941e+00 4.809784e-01 1.325314e+00 2.823908e-01 1.794204e+00 1.526256e+00 2.232450e+00 -1.154165e-01 1.162506e+00 5.052358e-01 
111 1333 0 0 0 8.672932e-01 -4.154808e-02 7.840495e-01 1.245268e+00 1.485629e+00 1.261762e+00 3.059681e+00 1.547328e+00 1.955462e+00 4.732620e-01 1.348895e+00 3.173480e-01 1.724285e+00 1.485481e+00 2.193655e+00 -6.301892e-02 1.140301e+00 5.132699e-01 
112 1345 0 0 0 8.902081e-01 -1.935367e-02 8.012029e-01 1.309955e+00 1.371980e+00 1.181751e+00 2.993921e+00 1.541082e+00 2.011976e+00 5.503288e-01 1.366490e+00 3.385735e-01 1.671550e+00 1.465852e+00 2.142831e+00 -3.773663e-02 1.127692e+00 5.000882e-01 
113 1357 0 0 0 8.874574e-01 2.766468e-02 8.271319e-01 1.239319e+00 1.337610e+00 1.227206e+00 2.974317e+00 1.531680e+00 2.022881e+00 5.328166e-01 1.332153e+00 2.645631e-01 1.661317e+00 1.384447e+00 1.995582e+00 3.373927e-02 1.113102e+00 5.357014e-01 
114 1369 0 0 0 9.077935e-01 5.869690e-03 8.844131e-01 1.280666e+00 1.338401e+00 1.290715e+00 2.969830e+00 1.503589e+00 2.059992e+00 5.048097e-01 1.375584e+00 2.004997e-01 1.650949e+00 1.474500e+00 1.981489e+00 1.643152e-02 1.127255e+00 5.698907e-01 
115 1381 0 0 0 9.066118e-01 4.166610e-02 9.164709e-01 1.234960e+00 1.340237e+00 1.227682e+00 2.892042e+00 1.551941e+00 2.059135e+00 3.891362e-01 1.370642e+00 2.008800e-01 1.604548e+00 1.534844e+00 2.004793e+00 7.213477e-02 1.098075e+00 5.889087e-01 
116 1393 0 0 0 1.040886e+00 2.081930e-01 8.669928e-01 1.171311e+00 1.347085e+00 1.218545e+00 2.842691e+00 1.512348e+00 1.956958e+00 4.551130e-01 1.456067e+00 1.549503e-01 1.580200e+00 1.475181e+00 1.925837e+00 2.311318e-01 1.140532e+00 5.638651e-01 
117 1405 0 0 0 1.087164e+00 3.311871e-01 8.380647e-01 1.077167e+00 1.387633e+00 1.160920e+00 2.747675e+00 1.506318e+00 1.888262e+00 4.995544e-01 1.504046e+00 2.464102e-01 1.622452e+00 1.450010e+00 1.830893e+00 2.629074e-01 1.129481e+00 6.534371e-01 
118 1417 0 0 0 1.130999e+00 4.001743e-01 7.503052e-01 1.069107e+00 1.357565e+00 1.193061e+00 2.807467e+00 1.576379e+00 1.880044e+00 5.076045e-01 1.482901e+00 1.819311e-01 1.638745e+00 1.482523e+00 1.865196e+00 2.157812e-01 1.045219e+00 5.606352e-01 
119 1429 0 0 0 1.024138e+00 3.422621e-01 8.854752e-01 1.135806e+00 1.328288e+00 1.257945e+00 2.889077e+00 1.587432e+00 1.887590e+00 4.610490e-01 1.442421e+00 2.138549e-01 1.646223e+00 1.499872e+00 1.899473e+00 1.594908e-01 9.956026e-01 4.046202e-01 
120 1441 0 0 0 1.104178e+00 3.501577e-01 7.725194e-01 1.167786e+00 1.469326e+00 1.323511e+00 2.887411e+00 1.575982e+00 1.909546e+00 4.635471e-01 1.519339e+00 2.685346e-01 1.655702e+00 1.457244e+00 1.981682e+00 1.259203e-01 9.017346e-01 4.730705e-01 
121 1453 0 0 0 1.159138e+00 4.730564e-01 7.333417e-01 1.071701e+00 1.432401e+00 1.314320e+00 2.854941e+00 1.477206e+00 1.878187e+00 5.272508e-01 1.603014e+00 2.593994e-01 1.678108e+00 1.450916e+00 1.971791e+00 1.340602e-01 9.030490e-01 4.264793e-01 
122 1465 0 0 0 1.095277e+00 4.358593e-01 7.521001e-01 1.127703e+00 1.430949e+00 1.246803e+00 2.847531e+00 1.585546e+00 1.853323e+00 4.180135e-01 1.539823e+00 2.758007e-01 1.658746e+00 1.549017e+00 2.005773e+00 1.538983e-01 8.696223e-01 5.547129e-01 
123 1477 0 0 0 1.154922e+00 4.468055e-01 8.330398e-01 1.137104e+00 1.451164e+00 1.290376e+00 2.826568e+00 1.509807e+00 1.829040e+00 4.302005e-01 1.514115e+00 2.596478e-01 1.681078e+00 1.456596e+00 1.853839e+00 1.855551e-01 8.890806e-01 6.449696e-01 
124 1489 0 0 0 1.121790e+00 4.665441e-01 8.375612e-01 1.186533e+00 1.442231e+00 1.283877e+00 2.860612e+00 1.522293e+00 1.843507e+00 4.983393e-01 1.408016e+00 3.730376e-01 1.744903e+00 1.471747e+00 1.874393e+00 2.204974e-01 9.082902e-01 6.732170e-01 
125 1501 0 0 0 1.134215e+00 4.067769e-01 7.897794e-01 1.246703e+00 1.427557e+00 1.242293e+00 2.889764e+00 1.488874e+00 1.883439e+00 4.453612e-01 1.294222e+00 3.308066e-01 1.679997e+00 1.454194e+00 1.967594e+00 2.341542e-01 8.639557e-01 6.892365e-01 
126 1513 0 0 0 1.197525e+00 4.582399e-01 8.173897e-01 1.122322e+00 1.385751e+00 1.285350e+00 2.932710e+00 1.543885e+00 1.781753e+00 4.861910e-01 1.294531e+00 2.856212e-01 1.717137e+00 1.459074e+00 1.790058e+00 3.345820e-01 8.452775e-01 6.755033e-01 
127 1525 0 0 0 1.178162e+00 4.591588e-01 8.408685e-01 1.175911e+00 1.346264e+00 1.306090e+00 2.920807e+00 1.564340e+00 1.796836e+00 4.093626e-01 1.329916e+00 2.421865e-01 1.681741e+00 1.491144e+00 1.816740e+00 2.719478e-01 7.767071e-01 6.557088e-01 
128 1537 0 0 0 1.223187e+00 5.147857e-01 8.546865e-01 1.151979e+00 1.358094e+00 1.304615e+00 2.879698e+00 1.549774e+00 1.771947e+00 3.585722e-01 1.400529e+00 2.654265e-01 1.618395e+00 1.493831e+00 1.801738e+00 3.121746e-01 7.719541e-01 6.517005e-01 
129 1549 0 0 0 1.122805e+00 5.111276e-01 9.160284e-01 1.218907e+00 1.309198e+00 1.306213e+00 2.882485e+00 1.588590e+00 1.825647e+00 3.627998e-01 1.375319e+00 2.504722e-01 1.653506e+00 1.477095e+00 1.853464e+00 2.456809e-01 7.933818e-01 6.292582e-01 
130 1561 0 0 0 1.129330e+00 5.609092e-01 8.538730e-01 1.176272e+00 1.257125e+00 1.296223e+00 2.878102e+00 1.645798e+00 1.793294e+00 3.252858e-01 1.408666e+00 2.284949e-01 1.705334e+00 1.556898e+00 1.866248e+00 2.263711e-01 8.056482e-01 6.185250e-01 
131 1573 0 0 0 1.102249e+00 5.037777e-01 8.569690e-01 1.208711e+00 1.249779e+00 1.342382e+00 2.914397e+00 1.667872e+00 1.774250e+00 4.227239e-01 1.350581e+00 2.089121e-01 1.721248e+00 1.550400e+00 1.833346e+00 2.582003e-01 8.321375e-01 5.822391e-01 
132 1585 0 0 0 1.049942e+00 4.352226e-01 8.778299e-01 1.274659e+00 1.239949e+00 1.321531e+00 2.926537e+00 1.767035e+00 1.786998e+00 3.782118e-01 1.353773e+00 1.922533e-01 1.705265e+00 1.619954e+00 1.838253e+00 2.113659e-01 8.276887e-01 5.691297e-01 
133 1597 0 0 0 1.082819e+00 4.247715e-01 8.573698e-01 1.272339e+00 1.250742e+00 1.290210e+00 2.929535e+00 1.790671e+00 1.806254e+00 3.512532e-01 1.362275e+00 1.950520e-01 1.706990e+00 1.610095e+00 1.819956e+00 2.008884e-01 7.604850e-01 5.764382e-01 
134 1609 0 0 0 1.089679e+00 4.777901e-01 8.522511e-01 1.242921e+00 1.248978e+00 1.306443e+00 2.884894e+00 1.770539e+00 1.780841e+00 3.918161e-01 1.370192e+00 1.602395e-01 1.727350e+00 1.626766e+00 1.766875e+00 2.398538e-01 7.979958e-01 5.472589e-01 
135 1621 0 0 0 1.129109e+00 5.832123e-01 8.588985e-01 1.214875e+00 1.237809e+00 1.294585e+00 2.841778e+00 1.823170e+00 1.766223e+00 3.706516e-01 1.343419e+00 9.695695e-02 1.741162e+00 1.671955e+00 1.690270e+00 2.983683e-01 7.997551e-01 5.251098e-01 
136 1633 0 0 0 1.115205e+00 5.508469e-01 8.617150e-01 1.189532e+00 1.288419e+00 1.261594e+00 2.828404e+00 1.855614e+00 1.787880e+00 3.426811e-01 1.381618e+00 4.426680e-02 1.738399e+00 1.658664e+00 1.707908e+00 2.464468e-01 8.363624e-01 4.986904e-01 
137 1645 0 0 0 1.094976e+00 5.822705e-01 8.838577e-01 1.220859e+00 1.277035e+00 1.315106e+00 2.745459e+00 1.853496e+00 1.809596e+00 2.654866e-01 1.382766e+00 7.733316e-02 1.702300e+00 1.655689e+00 1.695916e+00 2.533596e-01 8.211953e-01 5.053850e-01 
138 1657 0 0 0 1.130767e+00 6.077516e-01 8.413659e-01 1.225061e+00 1.279420e+00 1.386376e+00 2.699228e+00 1.799857e+00 1.804403e+00 2.265324e-01 1.389898e+00 1.150162e-01 1.712583e+00 1.661644e+00 1.785329e+00 2.178128e-01 7.926426e-01 5.424411e-01 
139 1669 0 0 0 1.141025e+00 6.266831e-01 8.755179e-01 1.186584e+00 1.329443e+00 1.395577e+00 2.755474e+00 1.799650e+00 1.774174e+00 2.034632e-01 1.417138e+00 6.641711e-02 1.721860e+00 1.662526e+00 1.775231e+00 2.061645e-01 7.811338e-01 5.245859e-01 
140 1681 0 0 0 1.126397e+00 6.054922e-01 8.985508e-01 1.176081e+00 1.340228e+00 1.429289e+00 2.778471e+00 1.846251e+00 1.769400e+00 1.283983e-01 1.465442e+00 3.779083e-02 1.710763e+00 1.710724e+00 1.778944e+00 2.043789e-01 7.690667e-01 4.920774e-01 
141 1693 0 0 0 1.115877e+00 5.754302e-01 9.401968e-01 1.192519e+00 1.342568e+00 1.433411e+00 2.779608e+00 1.820739e+00 1.782146e+00 2.067590e-01 1.432319e+00 2.669851e-02 1.681202e+00 1.650690e+00 1.693451e+00 2.433932e-01 7.539993e-01 5.137105e-01 
142 1705 0 0 0 1.108682e+00 5.373471e-01 9.551272e-01 1.171823e+00 1.413761e+00 1.471458e+00 2.802124e+00 1.785219e+00 1.803329e+00 1.654362e-01 1.416307e+00 2.811531e-02 1.676308e+00 1.643918e+00 1.766916e+00 1.997675e-01 7.727349e-01 5.110555e-01 
143 1717 0 0 0 1.108080e+00 5.529389e-01 9.356265e-01 1.181916e+00 1.432393e+00 1.472023e+00 2.790338e+00 1.755545e+00 1.839004e+00 1.908235e-01 1.424361e+00 5.031943e-02 1.695764e+00 1.618756e+00 1.810885e+00 1.884776e-01 7.794337e-01 5.310579e-01 
144 1729 0 0 0 1.095654e+00 5.211098e-01 9.763247e-01 1.182388e+00 1.432169e+00 1.524088e+00 2.818261e+00 1.719702e+00 1.823173e+00 1.996668e-01 1.453384e+00 6.780001e-02 1.697802e+00 1.615626e+00 1.799802e+00 1.979243e-01 7.900785e-01 5.118001e-01 
145 1741 0 0 0 1.143864e+00 4.802409e-01 9.172276e-01 1.180604e+00 1.471167e+00 1.554495e+00 2.888602e+00 1.645529e+00 1.815788e+00 1.847299e-01 1.396112e+00 9.619378e-02 1.681565e+00 1.546885e+00 1.882680e+00 1.896087e-01 7.649778e-01 5.763864e-01 
146 1753 0 0 0 1.155773e+00 5.085324e-01 9.097417e-01 1.123553e+00 1.514068e+00 1.613944e+00 2.841166e+00 1.649466e+00 1.829276e+00 1.044246e-01 1.402719e+00 7.522472e-02 1.680689e+00 1.564077e+00 1.863128e+00 1.864575e-01 7.730213e-01 6.116612e-01 
147 1765 0 0 0 1.196959e+00 5.205626e-01 9.360081e-01 1.169368e+00 1.459517e+00 1.574257e+00 2.827493e+00 1.710970e+00 1.762376e+00 9.608384e-02 1.390608e+00 4.969019e-02 1.710986e+00 1.639189e+00 1.768220e+00 2.468126e-01 8.148189e-01 5.824716e-01 
148 1777 0 0 0 1.176209e+00 4.787356e-01 9.404939e-01 1.121310e+00 1.439334e+00 1.601227e+00 2.833785e+00 1.663815e+00 1.777437e+00 9.952826e-02 1.349690e+00 5.960327e-02 1.747237e+00 1.669553e+00 1.784171e+00 2.764913e-01 8.731853e-01 6.369461e-01 
149 1789 0 0 0 1.124896e+00 4.427748e-01 1.020431e+00 1.139546e+00 1.421124e+00 1.552932e+00 2.801837e+00 1.723783e+00 1.771875e+00 2.515759e-02 1.339339e+00 3.925757e-02 1.721382e+00 1.751491e+00 1.814633e+00 2.473889e-01 8.844740e-01 6.063944e-01 
150 1801 0 0 0 1.149497e+00 4.478887e-01 9.585810e-01 1.177701e+00 1.410845e+00 1.516152e+00 2.837468e+00 1.717426e+00 1.752908e+00 1.213650e-02 1.283707e+00 3.639080e-02 1.725776e+00 1.723043e+00 1.818734e+00 2.694278e-01 8.197209e-01 6.290413e-01 
151 1813 0 0 0 1.127964e+00 4.271518e-01 9.348663e-01 1.162474e+00 1.417659e+00 1.504210e+00 2.820802e+00 1.683335e+00 1.783575e+00 1.313888e-01 1.214591e+00 2.909672e-02 1.721242e+00 1.689321e+00 1.821583e+00 2.657919e-01 8.346251e-01 6.146675e-01 
152 1825 0 0 0 1.137750e+00 4.427798e-01 9.392977e-01 1.137723e+00 1.431128e+00 1.520871e+00 2.818118e+00 1.646974e+00 1.830862e+00 7.112886e-02 1.230949e+00 2.404672e-02 1.719861e+00 1.642872e+00 1.848033e+00 2.174415e-01 8.121086e-01 6.040277e-01 
153 1837 0 0 0 1.160069e+00 4.573817e-01 9.354361e-01 1.094522e+00 1.502115e+00 1.526740e+00 2.816913e+00 1.616435e+00 1.812922e+00 7.615113e-02 1.276277e+00 -1.019234e-02 1.727340e+00 1.669778e+00 1.869929e+00 1.913421e-01 8.017251e-01 5.534463e-01 
154 1849 0 0 0 1.187605e+00 5.071121e-01 9.321675e-01 1.117901e+00 1.452050e+00 1.544773e+00 2.807622e+00 1.597104e+00 1.838497e+00 5.006090e-02 1.302921e+00 -7.872219e-03 1.743781e+00 1.665511e+00 1.875020e+00 1.796360e-01 7.616127e-01 5.763318e-01 
155 1861 0 0 0 1.214815e+00 4.800080e-01 9.410031e-01 1.152272e+00 1.464556e+00 1.527022e+00 2.798824e+00 1.622921e+00 1.908157e+00 5.082230e-03 1.308573e+00 -3.457979e-02 1.730087e+00 1.683570e+00 1.872367e+00 1.477201e-01 7.204247e-01 5.516465e-01 
156 1873 0 0 0 1.185141e+00 4.784945e-01 9.428787e-01 1.166108e+00 1.458141e+00 1.495984e+00 2.779449e+00 1.709656e+00 1.929684e+00 -1.716811e-02 1.305482e+00 -4.501285e-02 1.725874e+00 1.735727e+00 1.893719e+00 1.691326e-01 7.138696e-01 4.911244e-01 
157 1885 0 0 0 1.164872e+00 4.785995e-01 9.222046e-01 1.153052e+00 1.457689e+00 1.486661e+00 2.804603e+00 1.682041e+00 1.935829e+00 1.170556e-02 1.298208e+00 -3.994721e-02 1.731757e+00 1.723007e+00 1.949172e+00 1.200656e-01 6.934008e-01 4.675135e-01 
158 1897 0 0 0 1.171462e+00 4.352249e-01 9.044512e-01 1.152008e+00 1.513425e+00 1.455480e+00 2.827508e+00 1.646778e+00 1.938221e+00 2.898121e-02 1.265716e+00 -7.162430e-03 1.717192e+00 1.705474e+00 1.979988e+00 1.243818e-01 6.737436e-01 5.003752e-01 
159 1909 0 0 0 1.122303e+00 3.829112e-01 9.161897e-01 1.158820e+00 1.507514e+00 1.466775e+00 2.874679e+00 1.621988e+00 1.931825e+00 4.945678e-02 1.229137e+00 6.690755e-03 1.734728e+00 1.701033e+00 1.999999e+00 1.115519e-01 6.886228e-01 5.056883e-01 
160 1921 0 0 0 1.175510e+00 3.722773e-01 9.245852e-01 1.183648e+00 1.490683e+00 1.508955e+00 2.923530e+00 1.619720e+00 1.907865e+00 2.623875e-02 1.224086e+00 -1.403614e-02 1.749881e+00 1.675954e+00 1.978884e+00 1.008494e-01 6.844728e-01 5.074328e-01 
161 1933 0 0 0 1.182814e+00 3.587784e-01 9.241666e-01 1.183016e+00 1.508083e+00 1.485516e+00 2.916845e+00 1.591253e+00 1.894813e+00 5.450606e-03 1.219143e+00 -1.150184e-02 1.759909e+00 1.672424e+00 1.986626e+00 1.043787e-01 6.782827e-01 5.385287e-01 
162 1945 0 0 0 1.172255e+00 3.849875e-01 9.008940e-01 1.175393e+00 1.501050e+00 1.452436e+00 2.923329e+00 1.635930e+00 1.861585e+00 2.370018e-02 1.243245e+00 1.386822e-03 1.755338e+00 1.720308e+00 1.982264e+00 1.374151e-01 6.386049e-01 4.798421e-01 
163 1957 0 0 0 1.137460e+00 3.881873e-01 9.457033e-01 1.183746e+00 1.463951e+00 1.450088e+00 2.930264e+00 1.670453e+00 1.838934e+00 3.301997e-02 1.233082e+00 6.655889e-03 1.723391e+00 1.727841e+00 1.982654e+00 1.704886e-01 6.378133e-01 5.066159e-01 
164 1969 0 0 0 1.127251e+00 3.363759e-01 9.789093e-01 1.212867e+00 1.470030e+00 1.468184e+00 2.970720e+00 1.661938e+00 1.862887e+00 1.133652e-02 1.180801e+00 1.469095e-02 1.748915e+00 1.736381e+00 2.010889e+00 1.744745e-01 6.514939e-01 5.026127e-01 
165 1981 0 0 0 1.117814e+00 3.249038e-01 9.783475e-01 1.237581e+00 1.492608e+00 1.470034e+00 2.957130e+00 1.678926e+00 1.881838e+00 6.570142e-03 1.178126e+00 -7.274668e-03 1.745664e+00 1.743974e+00 2.037103e+00 1.480678e-01 6.750133e-01 4.655073e-01 
166 1993 0 0 0 1.143447e+00 3.014905e-01 9.840962e-01 1.225760e+00 1.499861e+00 1.466545e+00 2.969411e+00 1.649646e+00 1.904832e+00 -3.083612e-02 1.189301e+00 -1.178658e-02 1.747091e+00 1.756923e+00 2.070687e+00 1.160473e-01 7.043529e-01 4.603327e-01 
167 2005 0 0 0 1.141560e+00 2.705785e-01 1.007362e+00 1.228326e+00 1.486218e+00 1.459922e+00 2.962606e+00 1.667405e+00 1.884025e+00 -5.531015e-02 1.168541e+00 -4.749703e-02 1.773982e+00 1.810670e+00 2.035798e+00 1.250152e-01 6.730374e-01 4.393766e-01 
168 2017 0 0 0 1.146471e+00 2.655902e-01 1.008286e+00 1.218421e+00 1.517486e+00 1.481461e+00 2.980994e+00 1.660170e+00 1.891720e+00 -4.954598e-02 1.132473e+00 -7.913344e-02 1.790998e+00 1.787167e+00 2.036806e+00 1.304519e-01 6.965752e-01 4.275660e-01 
169 2029 0 0 0 1.167645e+00 2.620758e-01 1.006052e+00 1.199747e+00 1.555079e+00 1.494458e+00 2.965766e+00 1.631132e+00 1.885302e+00 -6.635721e-02 1.113537e+00 -9.517768e-02 1.766222e+00 1.750732e+00 2.034276e+00 1.607455e-01 7.296537e-01 4.684019e-01 
170 2041 0 0 0 1.159684e+00 2.009510e-01 1.005262e+00 1.208946e+00 1.599561e+00 1.523355e+00 2.959198e+00 1.616622e+00 1.907626e+00 -1.251845e-01 1.106263e+00 -9.215796e-02 1.714355e+00 1.797223e+00 2.069704e+00 1.633209e-01 7.129087e-01 4.654442e-01 
171 2053 0 0 0 1.144400e+00 2.261091e-01 1.041247e+00 1.184130e+00 1.595227e+00 1.525478e+00 2.977608e+00 1.603116e+00 1.849468e+00 -1.180874e-01 1.097068e+00 -7.937572e-02 1.729730e+00 1.760815e+00 2.032502e+00 1.913788e-01 7.075610e-01 4.478668e-01 
172 2065 0 0 0 1.148831e+00 2.010983e-01 1.071092e+00 1.193808e+00 1.599359e+00 1.554805e+00 3.031550e+00 1.584215e+00 1.895711e+00 -1.514556e-01 1.113263e+00 -6.961920e-02 1.705341e+00 1.740294e+00 2.079238e+00 1.694695e-01 6.817960e-01 4.548241e-01 
173 2077 0 0 0 1.154031e+00 2.117731e-01 1.057922e+00 1.169809e+00 1.593504e+00 1.512780e+00 3.022628e+00 1.575992e+00 1.906011e+00 -1.543031e-01 1.096557e+00 -6.073256e-02 1.702557e+00 1.721571e+00 2.084549e+00 1.591965e-01 6.806219e-01 4.709187e-01 
174 2089 0 0 0 1.140783e+00 2.037133e-01 1.075917e+00 1.153814e+00 1.595760e+00 1.474681e+00 3.035574e+00 1.561559e+00 1.907088e+00 -1.205410e-01 1.073375e+00 -1.735418e-02 1.701633e+00 1.711771e+00 2.085603e+00 1.979790e-01 7.136593e-01 4.761027e-01 
175 2101 0 0 0 1.127383e+00 1.607000e-01 1.068694e+00 1.158548e+00 1.613194e+00 1.503119e+00 3.084547e+00 1.569874e+00 1.945563e+00 -1.166998e-01 1.094107e+00 -9.399676e-03 1.700139e+00 1.721556e+00 2.147068e+00 1.441326e-01 6.951459e-01 4.548050e-01 
176 2113 0 0 0 1.091919e+00 1.444490e-01 1.061141e+00 1.197632e+00 1.595909e+00 1.484377e+00 3.078946e+00 1.611648e+00 1.958886e+00 -1.534854e-01 1.114165e+00 -8.124147e-03 1.703340e+00 1.736692e+00 2.185192e+00 1.269956e-01 6.979989e-01 4.587961e-01 
177 2125 0 0 0 1.092247e+00 1.192561e-01 1.062055e+00 1.194137e+00 1.560528e+00 1.463943e+00 3.098509e+00 1.612231e+00 1.954341e+00 -1.486330e-01 1.131549e+00 -9.316496e-03 1.709115e+00 1.736516e+00 2.209989e+00 1.266841e-01 7.121421e-01 4.645951e-01 
178 2137 0 0 0 1.097002e+00 1.020603e-01 1.081114e+00 1.202857e+00 1.571115e+00 1.481428e+00 3.098776e+00 1.601887e+00 1.973647e+00 -1.553856e-01 1.114249e+00 -2.577445e-02 1.699638e+00 1.756467e+00 2.209102e+00 1.266493e-01 7.132723e-01 4.440215e-01 
179 2149 0 0 0 1.102689e+00 1.192877e-01 1.091099e+00 1.185680e+00 1.552984e+00 1.431668e+00 3.067355e+00 1.621406e+00 1.967683e+00 -1.333256e-01 1.084724e+00 1.191350e-02 1.720127e+00 1.773613e+00 2.161891e+00 1.530720e-01 7.336513e-01 4.471731e-01 
180 2161 0 0 0 1.118454e+00 1.028866e-01 1.096923e+00 1.170192e+00 1.589156e+00 1.430969e+00 3.048880e+00 1.602431e+00 1.972554e+00 -1.971358e-01 1.069508e+00 1.935223e-03 1.679877e+00 1.794278e+00 2.196008e+00 1.746607e-01 6.949260e-01 4.517104e-01 
181 2173 0 0 0 1.114154e+00 1.134997e-01 1.126486e+00 1.178083e+00 1.561378e+00 1.403062e+00 3.033153e+00 1.575874e+00 1.986948e+00 -1.658820e-01 1.079499e+00 2.298293e-02 1.669053e+00 1.779807e+00 2.160428e+00 1.892388e-01 7.024808e-01 4.804069e-01 
182 2185 0 0 0 1.112171e+00 1.215106e-01 1.128896e+00 1.212575e+00 1.581403e+00 1.398631e+00 2.993777e+00 1.581061e+00 2.005593e+00 -1.547237e-01 1.087973e+00 4.345046e-02 1.670857e+00 1.775647e+00 2.172067e+00 1.921653e-01 7.195458e-01 4.439026e-01 
183 2197 0 0 0 1.119249e+00 1.352449e-01 1.126398e+00 1.206833e+00 1.583395e+00 1.384054e+00 2.996513e+00 1.583060e+00 1.979769e+00 -1.329497e-01 1.084072e+00 4.575852e-02 1.684767e+00 1.783984e+00 2.126070e+00 2.130465e-01 7.123073e-01 4.810509e-01 
184 2209 0 0 0 1.126836e+00 1.936659e-01 1.103998e+00 1.182565e+00 1.565672e+00 1.399925e+00 2.940632e+00 1.576940e+00 1.941183e+00 -1.055590e-01 1.128805e+00 5.595077e-02 1.687797e+00 1.786668e+00 2.092167e+00 2.089459e-01 7.011815e-01 5.133617e-01 
185 2221 0 0 0 1.131360e+00 2.207948e-01 1.081885e+00 1.206499e+00 1.563023e+00 1.359866e+00 2.913769e+00 1.593036e+00 1.941011e+00 -6.439166e-02 1.127252e+00 5.195370e-02 1.696132e+00 1.797366e+00 2.080325e+00 2.401804e-01 6.909052e-01 5.097099e-01 
186 2233 0 0 0 1.125617e+00 2.302158e-01 1.062825e+00 1.206004e+00 1.593087e+00 1.360131e+00 2.913408e+00 1.598702e+00 1.949269e+00 -8.017714e-02 1.118686e+00 4.910507e-02 1.699570e+00 1.784106e+00 2.098601e+00 2.271995e-01 6.750563e-01 5.068217e-01 
187 2245 0 0 0 1.106784e+00 1.928671e-01 1.086007e+00 1.226996e+00 1.587404e+00 1.371646e+00 2.922102e+00 1.589832e+00 1.966655e+00 -9.243213e-02 1.110292e+00 7.580886e-02 1.681601e+00 1.767634e+00 2.105851e+00 2.279488e-01 6.753955e-01 4.988323e-01 
188 2257 0 0 0 1.124481e+00 2.286682e-01 1.061525e+00 1.223941e+00 1.559001e+00 1.327852e+00 2.901347e+00 1.609981e+00 1.921312e+00 -4.338966e-02 1.111359e+00 7.963083e-02 1.696194e+00 1.788247e+00 2.081185e+00 2.526160e-01 6.963481e-01 4.819536e-01 
189 2269 0 0 0 1.088342e+00 2.339341e-01 1.053523e+00 1.242794e+00 1.541962e+00 1.327744e+00 2.885355e+00 1.630504e+00 1.929144e+00 -2.983604e-02 1.118977e+00 8.106949e-02 1.692711e+00 1.804449e+00 2.093200e+00 2.555205e-01 7.005894e-01 4.911111e-01 
190 2281 0 0 0 1.091531e+00 2.134778e-01 1.064409e+00 1.230034e+00 1.566483e+00 1.322547e+00 2.895653e+00 1.608905e+00 1.935931e+00 -4.640433e-02 1.120663e+00 1.111438e-01 1.692494e+00 1.808643e+00 2.126322e+00 2.440978e-01 7.039196e-01 5.128549e-01 
191 2293 0 0 0 1.076085e+00 1.885259e-01 1.062151e+00 1.217456e+00 1.571989e+00 1.323761e+00 2.898607e+00 1.607313e+00 1.941883e+00 -3.688001e-02 1.086112e+00 1.088687e-01 1.677996e+00 1.808875e+00 2.131495e+00 2.674221e-01 7.142506e-01 5.008233e-01 
192 2305 0 0 0 1.063558e+00 1.798617e-01 1.056249e+00 1.220956e+00 1.580391e+00 1.341294e+00 2.872414e+00 1.594768e+00 1.933725e+00 -3.769273e-02 1.080721e+00 1.272273e-01 1.669960e+00 1.811280e+00 2.143860e+00 2.519434e-01 7.367034e-01 4.988761e-01 
193 2317 0 0 0 1.062332e+00 1.447719e-01 1.033509e+00 1.200208e+00 1.597708e+00 1.357236e+00 2.889342e+00 1.590880e+00 1.952886e+00 -4.835424e-02 1.086058e+00 1.185315e-01 1.660554e+00 1.812644e+00 2.180505e+00 2.323914e-01 7.545783e-01 5.083390e-01 
194 2329 0 0 0 1.018316e+00 1.221529e-01 1.032098e+00 1.201252e+00 1.584664e+00 1.350489e+00 2.908195e+00 1.612862e+00 1.955249e+00 -2.489428e-02 1.090945e+00 1.400513e-01 1.662503e+00 1.820394e+00 2.197499e+00 2.277414e-01 7.565715e-01 5.060301e-01 
195 2341 0 0 0 1.020984e+00 1.074377e-01 1.035740e+00 1.201308e+00 1.581981e+00 1.343741e+00 2.937434e+00 1.652090e+00 1.950775e+00 -4.483231e-02 1.099494e+00 1.273072e-01 1.682926e+00 1.842384e+00 2.205653e+00 2.033450e-01 7.730192e-01 4.684581e-01 
196 2353 0 0 0 1.012634e+00 8.411294e-02 1.025178e+00 1.183958e+00 1.590147e+00 1.349493e+00 2.963061e+00 1.661538e+00 1.961864e+00 -2.743007e-02 1.094250e+00 1.478234e-01 1.686108e+00 1.845681e+00 2.242922e+00 1.971218e-01 7.734389e-01 4.950646e-01 
197 2365 0 0 0 1.012398e+00 9.116459e-02 1.042094e+00 1.194355e+00 1.586865e+00 1.350933e+00 2.957568e+00 1.649277e+00 1.941903e+00 -3.443195e-02 1.090500e+00 1.242391e-01 1.678491e+00 1.855657e+00 2.215861e+00 2.155212e-01 7.567050e-01 4.774394e-01 
198 2377 0 0 0 9.802268e-01 6.896899e-02 1.062758e+00 1.201535e+00 1.551593e+00 1.350696e+00 2.939995e+00 1.652117e+00 1.944634e+00 9.374790e-03 1.121011e+00 1.318875e-01 1.673655e+00 1.858349e+00 2.186188e+00 2.111680e-01 7.883837e-01 4.316051e-01 
199 2389 0 0 0 9.893279e-01 4.890709e-02 1.088215e+00 1.184959e+00 1.544726e+00 1.345544e+00 2.949148e+00 1.651544e+00 1.927071e+00 -2.221626e-02 1.103555e+00 1.427768e-01 1.666269e+00 1.868571e+00 2.175133e+00 2.188736e-01 8.054566e-01 4.019251e-01 
200 2401 0 0 0 9.846503e-01 6.830654e-02 1.120175e+00 1.221846e+00 1.498817e+00 1.358405e+00 2.944763e+00 1.646872e+00 1.950463e+00 1.905813e-02 1.125962e+00 1.380705e-01 1.672009e+00 1.864044e+00 2.137312e+00 2.014364e-01 8.016796e-01 3.940407e-01 
201 2413 0 0 0 9.714095e-01 1.072783e-01 1.142890e+00 1.255173e+00 1.470726e+00 1.338262e+00 2.897297e+00 1.673025e+00 1.931387e+00 4.456965e-02 1.157971e+00 1.185761e-01 1.684524e+00 1.882152e+00 2.079060e+00 1.903914e-01 8.097514e-01 3.811376e-01 
202 2425 0 0 0 9.627590e-01 8.759560e-02 1.134900e+00 1.231272e+00 1.486571e+00 1.328622e+00 2.905061e+00 1.674445e+00 1.919560e+00 7.300159e-02 1.153596e+00 1.134137e-01 1.685072e+00 1.890702e+00 2.078796e+00 1.949044e-01 8.082636e-01 3.632600e-01 
203 2437 0 0 0 9.771101e-01 9.249667e-02 1.129897e+00 1.222458e+00 1.489884e+00 1.364305e+00 2.916187e+00 1.644349e+00 1.901879e+00 9.901208e-02 1.162065e+00 1.542526e-01 1.676010e+00 1.849899e+00 2.062810e+00 2.104972e-01 8.477658e-01 3.561648e-01 
204 2449 0 0 0 9.682300e-01 5.556096e-02 1.144886e+00 1.220323e+00 1.533184e+00 1.373272e+00 2.923397e+00 1.622553e+00 1.936190e+00 7.014688e-02 1.138171e+00 1.580028e-01 1.677492e+00 1.869177e+00 2.110794e+00 1.977168e-01 8.440595e-01 3.491957e-01 
205 2461 0 0 0 9.661349e-01 1.022575e-01 1.119423e+00 1.197265e+00 1.521042e+00 1.365229e+00 2.891030e+00 1.624320e+00 1.908968e+00 1.222231e-01 1.108525e+00 1.796505e-01 1.675490e+00 1.855570e+00 2.065803e+00 2.533991e-01 8.478839e-01 3.785020e-01 
206 2473 0 0 0 9.191199e-01 5.723275e-02 1.138795e+00 1.206863e+00 1.525328e+00 1.379368e+00 2.930063e+00 1.632248e+00 1.910098e+00 1.377959e-01 1.117713e+00 1.926533e-01 1.675498e+00 1.834876e+00 2.088290e+00 2.408427e-01 8.939870e-01 3.521283e-01 
207 2485 0 0 0 8.957252e-01 6.398866e-02 1.142764e+00 1.200684e+00 1.511902e+00 1.363983e+00 2.929530e+00 1.635120e+00 1.919470e+00 1.576378e-01 1.125907e+00 1.881885e-01 1.669908e+00 1.818686e+00 2.104275e+00 2.143226e-01 8.883323e-01 3.233819e-01 
208 2497 0 0 0 8.999269e-01 1.126364e-01 1.147777e+00 1.206186e+00 1.481084e+00 1.340371e+00 2.884666e+00 1.689169e+00 1.895231e+00 1.707174e-01 1.165718e+00 1.775040e-01 1.689060e+00 1.852857e+00 2.051871e+00 2.258665e-01 8.757823e-01 3.422623e-01 
209 2509 0 0 0 9.142397e-01 1.549405e-01 1.125847e+00 1.214698e+00 1.471896e+00 1.303416e+00 2.855263e+00 1.687216e+00 1.898826e+00 2.006932e-01 1.166260e+00 1.999895e-01 1.686924e+00 1.854085e+00 2.042730e+00 2.214508e-01 8.719732e-01 3.348892e-01 
210 2521 0 0 0 9.001061e-01 9.075941e-02 1.116121e+00 1.217636e+00 1.490993e+00 1.347890e+00 2.917581e+00 1.681505e+00 1.904122e+00 1.394214e-01 1.167081e+00 1.767916e-01 1.683399e+00 1.864168e+00 2.114448e+00 1.656556e-01 8.386268e-01 3.249226e-01 
211 2533 0 0 0 8.882480e-01 9.494965e-02 1.115387e+00 1.234211e+00 1.483818e+00 1.357238e+00 2.920430e+00 1.700686e+00 1.918651e+00 1.422131e-01 1.170860e+00 1.785017e-01 1.686475e+00 1.863858e+00 2.118819e+00 1.447547e-01 8.168269e-01 3.152638e-01 
212 2545 0 0 0 8.885204e-01 9.362939e-02 1.113458e+00 1.228403e+00 1.480944e+00 1.359659e+00 2.929746e+00 1.702644e+00 1.921530e+00 1.496116e-01 1.150082e+00 1.962747e-01 1.697825e+00 1.861206e+00 2.120978e+00 1.470671e-01 8.268014e-01 3.360618e-01 
213 2557 0 0 0 8.886505e-01 7.263631e-02 1.107682e+00 1.224610e+00 1.494700e+00 1.343692e+00 2.965609e+00 1.693857e+00 1.932009e+00 1.536169e-01 1.136767e+00 2.001400e-01 1.699258e+00 1.848698e+00 2.147355e+00 1.399197e-01 8.212747e-01 3.499479e-01 
214 2569 0 0 0 9.200746e-01 8.043709e-02 1.103722e+00 1.228541e+00 1.505438e+00 1.329220e+00 2.974298e+00 1.693152e+00 1.932423e+00 1.058209e-01 1.137412e+00 1.991305e-01 1.702112e+00 1.845396e+00 2.153025e+00 1.400386e-01 8.138045e-01 3.644170e-01 
215 2581 0 0 0 9.122545e-01 9.263261e-02 1.115550e+00 1.248073e+00 1.500947e+00 1.329285e+00 2.960268e+00 1.674218e+00 1.927358e+00 1.013918e-01 1.156532e+00 2.061231e-01 1.708622e+00 1.840898e+00 2.161464e+00 1.159093e-01 8.053444e-01 3.662566e-01 
216 2593 0 0 0 9.167312e-01 9.973011e-02 1.087379e+00 1.254680e+00 1.509408e+00 1.312409e+00 2.950416e+00 1.675104e+00 1.913495e+00 8.597805e-02 1.134144e+00 2.213144e-01 1.720268e+00 1.855680e+00 2.179980e+00 1.159901e-01 7.906486e-01 3.725639e-01 
217 2605 0 0 0 9.133576e-01 9.024771e-02 1.080056e+00 1.273052e+00 1.495861e+00 1.290098e+00 2.954163e+00 1.676081e+00 1.905543e+00 8.553211e-02 1.131932e+00 2.367254e-01 1.709616e+00 1.854186e+00 2.193444e+00 1.100397e-01 7.942635e-01 3.658314e-01 
218 2617 0 0 0 9.193910e-01 8.628128e-02 1.086268e+00 1.261293e+00 1.508920e+00 1.309414e+00 2.965041e+00 1.676527e+00 1.918155e+00 6.056071e-02 1.140320e+00 2.212583e-01 1.712558e+00 1.842063e+00 2.204184e+00 9.546385e-02 7.908787e-01 3.574413e-01 
219 2629 0 0 0 8.939166e-01 9.900525e-02 1.112357e+00 1.272339e+00 1.478510e+00 1.297646e+00 2.936774e+00 1.687241e+00 1.899510e+00 7.912874e-02 1.147411e+00 2.346686e-01 1.708887e+00 1.851296e+00 2.173819e+00 1.173401e-01 7.929431e-01 3.434733e-01 
220 2641 0 0 0 8.998700e-01 8.270670e-02 1.111609e+00 1.275750e+00 1.489529e+00 1.294480e+00 2.944609e+00 1.690882e+00 1.904259e+00 7.055842e-02 1.150129e+00 2.223889e-01 1.698111e+00 1.842644e+00 2.162875e+00 1.320733e-01 7.889025e-01 3.473379e-01 
221 2653 0 0 0 8.808085e-01 5.758946e-02 1.115986e+00 1.284449e+00 1.480687e+00 1.305808e+00 2.961407e+00 1.670200e+00 1.911491e+00 8.344159e-02 1.150258e+00 2.478997e-01 1.693882e+00 1.823343e+00 2.181284e+00 1.061878e-01 7.979489e-01 3.404485e-01 
222 2665 0 0 0 8.886748e-01 6.394771e-02 1.135784e+00 1.293266e+00 1.455006e+00 1.301709e+00 2.971716e+00 1.687728e+00 1.919556e+00 7.702781e-02 1.140166e+00 2.328742e-01 1.693919e+00 1.831878e+00 2.171616e+00 1.110306e-01 8.020590e-01 3.082759e-01 
223 2677 0 0 0 8.804080e-01 5.387122e-02 1.153165e+00 1.299823e+00 1.446455e+00 1.319444e+00 2.977792e+00 1.677428e+00 1.925639e+00 8.800179e-02 1.141770e+00 2.397130e-01 1.694399e+00 1.831024e+00 2.181169e+00 9.970364e-02 8.126356e-01 3.218869e-01 
224 2689 0 0 0 8.846498e-01 6.337139e-02 1.131653e+00 1.278936e+00 1.466885e+00 1.330474e+00 2.979730e+00 1.669820e+00 1.941095e+00 8.384893e-02 1.136539e+00 2.444300e-01 1.687950e+00 1.816355e+00 2.199757e+00 9.783167e-02 8.159738e-01 3.179243e-01 
225 2701 0 0 0 8.679933e-01 3.318380e-02 1.139198e+00 1.272323e+00 1.467064e+00 1.340081e+00 2.992022e+00 1.654520e+00 1.942676e+00 8.675383e-02 1.146773e+00 2.573166e-01 1.683858e+00 1.816607e+00 2.231094e+00 8.276811e-02 8.415897e-01 2.936338e-01 
226 2713 0 0 0 8.510785e-01 1.990006e-02 1.137020e+00 1.273050e+00 1.475763e+00 1.349909e+00 3.012848e+00 1.646774e+00 1.951691e+00 9.528307e-02 1.140231e+00 2.694621e-01 1.677872e+00 1.810331e+00 2.270166e+00 6.762801e-02 8.390637e-01 2.861415e-01 
227 2725 0 0 0 8.674757e-01 3.762675e-02 1.126549e+00 1.277757e+00 1.488294e+00 1.343462e+00 2.999093e+00 1.651408e+00 1.948837e+00 9.870654e-02 1.133114e+00 2.619707e-01 1.678197e+00 1.809860e+00 2.251314e+00 8.564789e-02 8.277972e-01 2.943364e-01 
228 2737 0 0 0 8.494615e-01 4.918905e-02 1.100898e+00 1.270532e+00 1.478332e+00 1.333253e+00 2.985323e+00 1.664129e+00 1.950891e+00 1.356538e-01 1.123199e+00 2.775416e-01 1.684338e+00 1.809697e+00 2.244353e+00 8.500559e-02 8.282404e-01 3.277194e-01 
229 2749 0 0 0 8.423492e-01 3.275198e-02 1.110649e+00 1.277912e+00 1.472527e+00 1.341671e+00 3.000895e+00 1.663874e+00 1.948931e+00 1.465496e-01 1.117713e+00 2.845901e-01 1.691812e+00 1.811970e+00 2.230855e+00 8.414641e-02 8.371673e-01 3.127576e-01 
230 2761 0 0 0 8.305479e-01 8.739996e-03 1.114628e+00 1.278105e+00 1.470591e+00 1.330689e+00 3.008065e+00 1.670328e+00 1.945685e+00 1.547506e-01 1.107839e+00 2.994700e-01 1.693971e+00 1.818107e+00 2.234872e+00 8.662717e-02 8.584450e-01 3.111602e-01 
231 2773 0 0 0 8.353603e-01 -4.475144e-03 1.101079e+00 1.278897e+00 1.476862e+00 1.329407e+00 3.017570e+00 1.653863e+00 1.944585e+00 1.751949e-01 1.100742e+00 3.220538e-01 1.699099e+00 1.809497e+00 2.243853e+00 8.534199e-02 8.628197e-01 3.176948e-01 
