%  columns="iteration, evaluation, fitness, void, void, xrecentbest" (startseed=212695, 2017/09/27 23:0:50.97)
1 13  1.078422186226501012e+01 0 0 1.045201e+00 6.016795e-01 1.054784e+00 1.466282e+00 1.030313e+00 7.726622e-01 1.530628e+00 1.018589e+00 1.538121e+00 1.138027e+00 1.310996e+00 8.193482e-01 1.399455e+00 4.138430e-01 1.158484e+00 8.621365e-01 1.659592e+00 1.706482e+00 
2 25  6.475597985638292364e+00 0 0 1.096911e+00 5.292927e-01 1.072819e+00 1.145822e+00 8.295878e-01 1.005261e+00 8.735066e-01 3.295649e-01 9.889970e-01 1.177842e+00 1.194798e+00 8.753226e-01 1.515172e+00 8.736104e-01 1.946718e+00 8.074173e-01 1.016621e+00 1.514799e+00 
3 37  5.497960393137312884e+00 0 0 2.070425e+00 1.110516e+00 9.369334e-01 2.292156e-01 1.032141e+00 1.290427e+00 1.409788e+00 9.283112e-01 1.632941e+00 1.661062e+00 1.192122e+00 8.945951e-01 6.662852e-01 1.187285e+00 1.900343e+00 1.155688e+00 1.507932e+00 1.066091e+00 
4 49  3.006442553492890468e+00 0 0 1.311971e+00 6.404475e-01 7.797100e-01 7.033713e-01 7.463152e-01 1.005311e+00 2.404042e+00 6.810184e-01 1.306132e+00 9.177339e-01 5.960483e-01 3.607812e-01 9.659390e-01 1.221959e+00 1.327311e+00 6.509279e-01 1.385761e+00 9.141706e-01 
5 61  2.460397507888319790e+00 0 0 1.493956e+00 5.027899e-01 8.099751e-01 9.303017e-01 1.329172e+00 2.022882e+00 1.515683e+00 3.024848e-01 1.189183e+00 1.085365e+00 9.280903e-01 3.637860e-01 1.291794e+00 4.147668e-01 1.855968e+00 7.398148e-01 7.113115e-01 1.017537e+00 
6 73  3.877906017194592714e+00 0 0 1.305404e+00 6.115511e-01 4.723832e-01 1.144643e+00 1.224967e+00 1.475534e+00 1.712889e+00 8.440890e-01 1.362498e+00 1.265313e+00 9.559511e-01 5.995932e-01 1.456319e+00 7.198325e-01 2.001893e+00 4.985403e-01 1.424642e+00 7.801472e-01 
7 85  2.273078468213238335e+00 0 0 1.251473e+00 9.147764e-01 2.700111e-01 9.604539e-01 6.938360e-01 1.009738e+00 1.785463e+00 2.292635e-01 1.284152e+00 1.803879e+00 1.272910e+00 5.817759e-01 1.567505e+00 2.876193e-01 1.737564e+00 7.267921e-01 1.484794e+00 1.391537e+00 
8 97  3.140230376131630585e+00 0 0 9.649659e-01 7.013857e-01 2.766923e-01 7.586637e-01 1.249053e+00 2.110867e+00 1.322730e+00 5.118755e-01 1.069898e+00 1.541303e+00 1.159612e+00 3.757764e-01 1.588899e+00 7.943244e-01 2.123499e+00 1.208479e+00 9.873717e-01 1.358039e+00 
9 109  4.396963188685465873e+00 0 0 1.287771e+00 1.071976e+00 4.433829e-01 5.946507e-01 8.530168e-01 1.921301e+00 1.439552e+00 8.938105e-01 1.019562e+00 1.716615e+00 1.332717e+00 5.157005e-01 1.416478e+00 -8.433245e-02 1.475308e+00 4.244715e-01 1.393630e+00 1.464172e+00 
10 121  4.154730916435881660e+00 0 0 1.388661e+00 8.603361e-01 3.151440e-01 9.143955e-01 1.376379e+00 1.624463e+00 1.873826e+00 9.247569e-01 9.498460e-01 1.600922e+00 1.167337e+00 1.824864e-01 1.727340e+00 5.633152e-01 1.338957e+00 4.364584e-01 1.372434e+00 1.299741e+00 
11 133  1.470321867845591601e+00 0 0 7.935991e-01 1.226000e+00 4.169526e-01 1.029144e+00 1.423569e+00 1.692747e+00 1.669349e+00 5.467050e-01 7.761961e-01 1.694948e+00 1.570393e+00 1.876221e-01 1.888444e+00 2.631621e-01 1.242927e+00 7.742573e-01 1.332061e+00 9.929181e-01 
12 145  4.459890022694556144e+00 0 0 1.095279e+00 8.473453e-01 8.611669e-02 6.420799e-01 1.254583e+00 1.919718e+00 1.827562e+00 2.437670e-01 1.560027e+00 2.090128e+00 1.193403e+00 -2.674409e-02 1.722450e+00 3.228398e-01 1.222178e+00 8.031843e-01 1.188396e+00 1.008398e+00 
13 157  1.921128320314234861e+00 0 0 7.222010e-01 1.437800e+00 3.179457e-02 5.254974e-01 1.539848e+00 1.461542e+00 1.923875e+00 7.286512e-01 1.761904e+00 1.945060e+00 1.363595e+00 5.979327e-01 2.216364e+00 1.656611e-01 1.410532e+00 1.056912e+00 1.341635e+00 1.468384e+00 
14 169  3.937152633747352581e+00 0 0 1.244148e+00 1.549126e+00 2.065249e-02 4.793065e-01 1.746571e+00 1.623846e+00 2.088179e+00 6.257161e-01 1.489569e+00 1.613301e+00 1.332212e+00 5.825504e-01 2.108794e+00 1.415113e-01 9.426433e-01 1.044111e+00 1.189808e+00 1.351998e+00 
15 181  4.025716823658004095e+00 0 0 1.384543e+00 1.169637e+00 4.064217e-01 4.026477e-01 1.345231e+00 1.672198e+00 1.802008e+00 1.222359e+00 1.780362e+00 1.699363e+00 1.272680e+00 4.800827e-01 1.643183e+00 5.031563e-01 1.244635e+00 6.047678e-01 1.260554e+00 9.347780e-01 
16 193  2.470575756727692696e+00 0 0 1.334198e+00 1.569004e+00 5.548032e-01 4.796289e-01 1.644778e+00 1.524296e+00 2.086509e+00 1.009340e+00 1.229342e+00 1.514339e+00 1.179579e+00 3.148782e-01 1.843382e+00 3.221065e-01 9.413023e-01 1.241013e+00 1.239873e+00 1.381707e+00 
17 205  3.012658405674905282e+00 0 0 1.196091e+00 1.042897e+00 1.983451e-01 1.984344e-01 1.838221e+00 2.159372e+00 1.806583e+00 9.158797e-01 1.367501e+00 1.914487e+00 1.196526e+00 1.136164e-01 1.600200e+00 6.162649e-01 1.087055e+00 1.202476e+00 9.329493e-01 1.531151e+00 
18 217  3.484772969408759913e+00 0 0 1.414131e+00 1.608413e+00 7.207188e-01 1.335668e-01 1.225664e+00 1.438680e+00 1.900428e+00 1.254682e+00 1.525167e+00 1.592609e+00 8.069050e-01 -7.511859e-02 1.807182e+00 3.750159e-01 7.961034e-01 1.207372e+00 1.569704e+00 1.463919e+00 
19 229  2.936056823313262676e+00 0 0 1.511056e+00 1.094771e+00 5.845368e-01 5.926405e-01 1.550489e+00 1.505044e+00 1.934905e+00 7.509674e-01 1.606326e+00 1.165444e+00 1.012811e+00 -5.262976e-02 1.451595e+00 7.531988e-01 9.416307e-01 1.095857e+00 1.462122e+00 1.320206e+00 
20 241  1.906947744692720770e+00 0 0 1.219511e+00 1.008613e+00 5.101611e-01 7.019612e-01 1.686459e+00 1.365504e+00 1.902768e+00 1.017392e+00 1.723389e+00 1.308219e+00 9.757645e-01 -7.437709e-02 1.595150e+00 7.469094e-01 1.302833e+00 1.022257e+00 1.703545e+00 1.493521e+00 
21 253  1.016751521134696246e+00 0 0 1.431619e+00 1.252467e+00 2.507342e-01 9.091151e-01 1.578051e+00 1.752305e+00 1.804419e+00 1.014821e+00 1.644581e+00 1.512728e+00 8.799228e-01 5.041782e-02 1.213485e+00 7.657029e-01 1.400756e+00 1.115762e+00 1.403270e+00 1.281006e+00 
22 265  1.941707279508399608e+00 0 0 1.397592e+00 9.869859e-01 6.841462e-02 8.810397e-01 1.877709e+00 1.516605e+00 2.137831e+00 1.135894e+00 1.835485e+00 1.477268e+00 1.034042e+00 2.203008e-02 1.317618e+00 9.350740e-01 1.596423e+00 1.118671e+00 1.506836e+00 1.525422e+00 
23 277  1.240969513952987047e+00 0 0 1.311785e+00 9.979843e-01 2.807874e-01 6.485107e-01 1.703208e+00 1.906833e+00 2.072321e+00 9.299158e-01 2.047198e+00 1.430067e+00 9.145508e-01 3.063114e-01 1.426800e+00 7.896602e-01 1.530498e+00 6.918816e-01 1.448784e+00 1.336962e+00 
24 289  9.903769970149920443e-01 0 0 1.126428e+00 9.387188e-01 4.065262e-01 8.622240e-01 1.797172e+00 1.815516e+00 2.108997e+00 1.008505e+00 1.818053e+00 1.221645e+00 1.179494e+00 3.869458e-01 1.214636e+00 6.448536e-01 1.134855e+00 1.028208e+00 1.488080e+00 1.525503e+00 
25 301  1.416557044678239397e+00 0 0 1.303263e+00 6.241112e-01 3.274651e-01 5.971643e-01 1.525871e+00 2.012902e+00 2.202794e+00 9.226013e-01 1.779169e+00 1.299648e+00 9.606523e-01 5.067551e-01 1.257129e+00 7.194990e-01 1.705238e+00 8.623014e-01 1.656299e+00 1.114547e+00 
26 313  1.370340672115803793e+00 0 0 1.671192e+00 1.096603e+00 3.328980e-01 4.085237e-01 1.637397e+00 1.786115e+00 2.067537e+00 9.308148e-01 1.832896e+00 1.227375e+00 9.596536e-01 4.159553e-01 1.088897e+00 5.689407e-01 1.324676e+00 7.308670e-01 1.388454e+00 1.034541e+00 
27 325  1.893343104091628648e+00 0 0 1.603520e+00 8.345376e-01 3.588927e-01 3.815334e-01 1.426224e+00 1.956263e+00 2.026361e+00 6.898212e-01 1.892521e+00 1.402815e+00 1.099868e+00 3.431130e-01 1.341471e+00 6.734889e-01 1.811003e+00 3.968168e-01 1.497412e+00 9.704704e-01 
28 337  1.664026442365646119e+00 0 0 1.473207e+00 9.185599e-01 2.667526e-01 4.701247e-01 1.522226e+00 1.777970e+00 1.922102e+00 1.115564e+00 1.673125e+00 1.357730e+00 1.036944e+00 5.956736e-01 1.193507e+00 5.496762e-01 1.589338e+00 4.727662e-01 1.518412e+00 9.638123e-01 
29 349  1.910664668722995341e+00 0 0 1.248665e+00 8.437781e-01 3.985937e-01 6.346979e-01 1.884848e+00 1.825680e+00 1.894351e+00 1.117116e+00 1.563347e+00 1.420794e+00 1.054647e+00 3.032563e-01 1.373958e+00 4.888797e-01 1.497352e+00 5.980693e-01 1.634753e+00 1.203742e+00 
30 361  2.092559555215999012e+00 0 0 1.515208e+00 9.218072e-01 4.212833e-01 6.833029e-01 1.497569e+00 1.999267e+00 2.016904e+00 1.043487e+00 1.730027e+00 1.257518e+00 8.821628e-01 7.720753e-01 9.723148e-01 2.620538e-01 1.342215e+00 6.133289e-01 1.672756e+00 8.854141e-01 
31 373  2.890983816212860713e+00 0 0 1.170343e+00 6.162759e-01 4.857788e-01 8.473641e-01 1.619472e+00 2.004787e+00 1.835697e+00 1.085487e+00 1.550902e+00 1.266316e+00 1.069801e+00 4.414122e-01 1.204494e+00 3.759588e-01 1.687279e+00 5.099157e-01 1.551426e+00 1.206839e+00 
32 385  1.610012856034911399e+00 0 0 1.150978e+00 7.267411e-01 4.794318e-01 7.139389e-01 1.708864e+00 1.936093e+00 2.024572e+00 8.819630e-01 1.760153e+00 1.124532e+00 9.471706e-01 3.405724e-01 1.055511e+00 4.933660e-01 1.712990e+00 7.562790e-01 1.489721e+00 8.931425e-01 
33 397  1.453497311338160403e+00 0 0 1.135213e+00 8.644306e-01 3.515791e-01 5.372139e-01 1.436678e+00 2.006426e+00 1.845613e+00 1.066114e+00 1.747309e+00 1.187267e+00 1.027150e+00 5.525850e-01 8.920291e-01 2.610266e-01 1.596061e+00 9.787785e-01 1.739686e+00 6.359050e-01 
34 409  7.467947486084266506e-01 0 0 1.142885e+00 9.666414e-01 3.817243e-01 7.198675e-01 1.471433e+00 2.205775e+00 1.706067e+00 8.354926e-01 1.881358e+00 1.413545e+00 1.045504e+00 5.453561e-01 1.181018e+00 4.364380e-01 1.793259e+00 7.658879e-01 1.744253e+00 7.967569e-01 
35 421  9.416971146269143000e-01 0 0 1.114798e+00 9.277441e-01 2.074648e-01 7.885341e-01 1.607649e+00 1.919989e+00 1.834796e+00 9.312147e-01 1.794689e+00 1.349026e+00 1.106507e+00 7.334519e-01 1.259987e+00 6.303972e-01 1.792540e+00 7.991638e-01 1.902902e+00 1.096229e+00 
36 433  6.992781992626240228e-01 0 0 1.253977e+00 9.246190e-01 4.654723e-02 8.262676e-01 1.564739e+00 1.964247e+00 1.882694e+00 7.930453e-01 1.959666e+00 1.475764e+00 1.248511e+00 4.474617e-01 1.157550e+00 4.434891e-01 1.901870e+00 7.425149e-01 1.772390e+00 6.324932e-01 
37 445  9.142515856440190936e-01 0 0 1.073126e+00 1.051188e+00 2.959371e-01 9.429476e-01 1.344804e+00 1.932435e+00 1.791822e+00 9.100753e-01 1.919912e+00 1.362941e+00 1.326072e+00 4.833236e-01 1.285743e+00 5.222246e-01 1.617829e+00 6.930105e-01 1.615407e+00 8.536045e-01 
38 457  6.502530716059650162e-01 0 0 9.547046e-01 1.013155e+00 2.908346e-01 7.733619e-01 1.372957e+00 1.630253e+00 1.682053e+00 1.179481e+00 2.033784e+00 1.491464e+00 1.220263e+00 6.706949e-01 1.329589e+00 8.462731e-01 1.790770e+00 7.146298e-01 1.741325e+00 9.807458e-01 
39 469  8.084254148773429849e-01 0 0 1.087625e+00 1.014230e+00 3.809646e-01 1.032404e+00 1.431098e+00 1.525444e+00 1.895191e+00 1.010852e+00 1.962194e+00 1.483238e+00 1.144824e+00 4.431561e-01 1.418166e+00 7.264358e-01 1.713870e+00 8.844271e-01 1.791775e+00 8.876308e-01 
40 481  7.779533643212309668e-01 0 0 8.658574e-01 8.187209e-01 2.415932e-01 1.016979e+00 1.422741e+00 1.535332e+00 1.942143e+00 9.240586e-01 2.016085e+00 1.629148e+00 1.254584e+00 4.527737e-01 1.324320e+00 5.038741e-01 1.739369e+00 6.890932e-01 1.527730e+00 7.743368e-01 
41 493  5.928741711714923257e-01 0 0 7.636816e-01 1.079262e+00 2.728540e-01 7.967338e-01 1.431782e+00 1.579844e+00 1.799901e+00 1.092674e+00 1.927850e+00 1.350009e+00 1.032065e+00 5.737367e-01 1.577208e+00 5.327947e-01 1.781484e+00 7.548510e-01 1.575936e+00 7.000757e-01 
42 505  3.967044432202735393e-01 0 0 8.663366e-01 8.498593e-01 3.470940e-01 9.813963e-01 1.407370e+00 1.563805e+00 1.983268e+00 1.057742e+00 1.911669e+00 1.393013e+00 1.098920e+00 4.681091e-01 1.526004e+00 8.453512e-01 1.769853e+00 7.303279e-01 1.703328e+00 9.232369e-01 
43 517  9.053484609638930980e-01 0 0 7.921329e-01 8.107013e-01 3.881578e-01 9.859845e-01 1.316658e+00 1.821000e+00 2.061363e+00 1.164076e+00 1.856346e+00 1.567606e+00 1.204346e+00 3.995652e-01 1.329999e+00 6.369821e-01 1.616880e+00 8.777568e-01 1.567391e+00 9.430204e-01 
44 529  5.680968102950891829e-01 0 0 7.129249e-01 8.676472e-01 2.060183e-01 9.923543e-01 1.314426e+00 1.648770e+00 2.033015e+00 1.221619e+00 1.934042e+00 1.602589e+00 1.006228e+00 5.444079e-01 1.510872e+00 6.031317e-01 1.722080e+00 7.036290e-01 1.755496e+00 8.390377e-01 
45 541  3.311142139114004457e-01 0 0 7.781481e-01 6.417243e-01 2.624411e-01 9.917620e-01 1.701316e+00 1.950315e+00 2.167700e+00 1.209497e+00 1.909240e+00 1.437211e+00 1.200227e+00 2.966989e-01 1.538458e+00 8.065322e-01 1.661622e+00 5.308780e-01 1.356859e+00 7.681559e-01 
46 553  3.298131811908331379e-01 0 0 8.012851e-01 7.686826e-01 1.606120e-01 9.340268e-01 1.681335e+00 1.860536e+00 2.236169e+00 1.118149e+00 2.079916e+00 1.493169e+00 1.159174e+00 3.222070e-01 1.496964e+00 7.328670e-01 1.775363e+00 7.269470e-01 1.591748e+00 6.605224e-01 
47 565  4.049651413424270596e-01 0 0 8.184023e-01 7.094339e-01 2.973648e-01 1.022452e+00 1.701989e+00 2.031979e+00 2.455541e+00 1.062066e+00 2.060846e+00 1.690663e+00 1.220214e+00 3.484423e-01 1.731217e+00 7.606216e-01 1.817833e+00 7.362606e-01 1.565642e+00 6.710904e-01 
48 577  5.496400871115744158e-01 0 0 9.574578e-01 7.415004e-01 3.215164e-01 1.164837e+00 1.629293e+00 1.710050e+00 2.575075e+00 9.413581e-01 2.109899e+00 1.496396e+00 1.280646e+00 6.506133e-01 1.490485e+00 5.897289e-01 1.689659e+00 6.597561e-01 1.396862e+00 7.231258e-01 
49 589  4.354631482998989056e-01 0 0 1.058364e+00 6.172045e-01 3.540117e-01 1.263210e+00 1.547462e+00 1.559313e+00 2.786948e+00 1.039708e+00 1.896060e+00 1.625197e+00 1.232995e+00 5.283090e-01 1.792822e+00 6.681926e-01 1.621790e+00 4.723415e-01 1.418969e+00 5.399718e-01 
50 601  3.221112556887865130e-01 0 0 9.053196e-01 3.754225e-01 3.164681e-01 1.361664e+00 1.524556e+00 1.716908e+00 2.859961e+00 9.380239e-01 2.114656e+00 1.420925e+00 1.402775e+00 6.601042e-01 1.529027e+00 7.044055e-01 1.841713e+00 3.524353e-01 1.408106e+00 7.885343e-01 
51 613  6.654056405195732937e-01 0 0 1.099661e+00 4.933670e-01 4.200962e-01 1.297845e+00 1.576425e+00 1.586376e+00 2.537038e+00 1.281916e+00 1.848001e+00 1.128214e+00 1.295872e+00 4.777576e-01 1.432213e+00 8.445022e-01 1.760773e+00 3.004452e-01 1.470110e+00 6.429365e-01 
52 625  6.513406680365076973e-01 0 0 1.193538e+00 3.812988e-01 1.832532e-01 9.977237e-01 1.737426e+00 1.575419e+00 2.581179e+00 1.161191e+00 1.922772e+00 1.216427e+00 1.255979e+00 4.850444e-01 1.462843e+00 8.117120e-01 1.918854e+00 2.481988e-01 1.364416e+00 3.469059e-01 
53 637  4.868205307022097639e-01 0 0 1.275992e+00 5.522648e-01 5.148955e-01 1.283240e+00 1.701226e+00 1.636409e+00 2.680671e+00 1.159317e+00 2.121089e+00 9.185018e-01 1.247505e+00 3.820230e-01 1.479358e+00 8.927372e-01 1.852175e+00 3.032038e-01 1.338146e+00 4.710978e-01 
54 649  4.500259068564628762e-01 0 0 1.220642e+00 3.991186e-01 3.502998e-01 1.245981e+00 1.721125e+00 1.822312e+00 2.723725e+00 1.213655e+00 1.897523e+00 9.888266e-01 1.398120e+00 5.820501e-01 1.420447e+00 8.723030e-01 1.760263e+00 1.893757e-01 1.206122e+00 6.819122e-01 
55 661  7.732826510912425011e-01 0 0 1.321358e+00 6.660869e-01 4.184035e-01 1.405734e+00 1.871928e+00 1.629219e+00 2.451178e+00 1.144615e+00 1.998307e+00 7.707875e-01 1.230451e+00 5.299099e-01 1.754718e+00 9.196421e-01 1.979100e+00 1.759392e-01 1.257120e+00 5.397039e-01 
56 673  7.068359217862389965e-01 0 0 1.193416e+00 4.211777e-01 4.507816e-01 1.267736e+00 1.571414e+00 1.331287e+00 2.510731e+00 1.187714e+00 1.985786e+00 8.392844e-01 1.184942e+00 6.230429e-01 1.456533e+00 1.070988e+00 2.088360e+00 4.130411e-01 1.282381e+00 5.519303e-01 
57 685  7.189439347962878202e-01 0 0 1.091159e+00 3.107813e-01 4.745527e-01 1.430351e+00 1.771048e+00 1.565538e+00 2.731571e+00 1.029559e+00 1.800814e+00 9.861675e-01 1.189235e+00 5.200603e-01 1.510460e+00 9.453436e-01 2.005190e+00 3.427398e-01 1.273901e+00 6.345859e-01 
58 697  9.880956940132308297e-01 0 0 1.137587e+00 2.264355e-01 1.055121e-01 1.619231e+00 2.217056e+00 1.294998e+00 2.895604e+00 9.613939e-01 2.174868e+00 9.920282e-01 8.778083e-01 3.279988e-01 1.401937e+00 1.031121e+00 2.059914e+00 2.883645e-01 1.203097e+00 8.578806e-01 
59 709  3.020758755271261142e-01 0 0 1.026370e+00 2.920360e-01 -1.554756e-01 1.185874e+00 1.746678e+00 1.391531e+00 2.647056e+00 1.059264e+00 1.977571e+00 1.166379e+00 1.034903e+00 4.263671e-01 1.508561e+00 9.739128e-01 2.356882e+00 3.632305e-01 1.234083e+00 7.345057e-01 
60 721  5.079304319774641252e-01 0 0 8.285307e-01 2.941842e-01 2.689833e-01 1.149331e+00 2.074891e+00 1.140370e+00 2.598880e+00 1.010957e+00 2.185599e+00 1.118695e+00 8.662624e-01 7.955382e-01 1.653320e+00 1.065705e+00 2.347886e+00 7.868678e-01 1.366316e+00 7.159265e-01 
61 733  5.069513188428029782e-01 0 0 1.131734e+00 1.769706e-01 1.810390e-01 1.002570e+00 1.992977e+00 1.521673e+00 2.645617e+00 8.619197e-01 2.004200e+00 9.467787e-01 9.138497e-01 3.760061e-01 1.431237e+00 1.092664e+00 2.061936e+00 3.688043e-01 1.077776e+00 9.347206e-01 
62 745  3.132704942087550792e-01 0 0 1.014794e+00 1.173963e-01 9.087123e-02 8.918467e-01 1.828660e+00 1.109826e+00 2.753011e+00 1.110788e+00 2.012900e+00 1.097537e+00 9.483227e-01 5.256696e-01 1.528574e+00 1.270502e+00 2.169053e+00 6.066422e-01 9.097443e-01 9.786169e-01 
63 757  7.040251266752751702e-01 0 0 1.119141e+00 2.121918e-01 2.675005e-02 1.399337e+00 1.523617e+00 9.527528e-01 2.978808e+00 1.023255e+00 1.914426e+00 1.060892e+00 9.149172e-01 5.595538e-01 1.636015e+00 1.099223e+00 2.323059e+00 4.967072e-01 1.015475e+00 8.668699e-01 
64 769  3.891252961433657731e-01 0 0 1.218822e+00 3.396030e-01 -3.812405e-02 9.370624e-01 1.943055e+00 1.247565e+00 2.584442e+00 1.022969e+00 1.949598e+00 9.810499e-01 9.518249e-01 3.700806e-01 1.489230e+00 1.349705e+00 2.497088e+00 5.483526e-01 1.013600e+00 8.378462e-01 
65 781  7.117225551377365234e-01 0 0 1.054443e+00 5.554606e-01 1.438740e-01 8.298745e-01 1.810736e+00 1.043813e+00 2.625956e+00 1.245701e+00 1.982426e+00 1.081392e+00 9.128963e-01 2.352827e-01 1.405677e+00 8.519308e-01 1.860169e+00 7.069585e-01 1.117884e+00 9.864509e-01 
66 793  4.559145991889120286e-01 0 0 8.123768e-01 4.126042e-01 3.158548e-01 8.033647e-01 1.686623e+00 1.018744e+00 2.448405e+00 1.363277e+00 1.924555e+00 9.999097e-01 7.078499e-01 2.937990e-01 1.595867e+00 1.255686e+00 2.060676e+00 6.990644e-01 8.918672e-01 8.682218e-01 
67 805  6.408239539241036287e-01 0 0 8.796125e-01 6.951480e-01 1.397118e-02 8.250768e-01 1.936730e+00 1.175273e+00 2.252997e+00 1.396677e+00 1.848246e+00 1.315741e+00 6.734425e-01 1.453918e-01 1.744195e+00 1.038978e+00 1.878058e+00 7.454635e-01 1.132502e+00 7.111191e-01 
68 817  4.013753092512690190e-01 0 0 1.117467e+00 4.848123e-01 4.322054e-01 1.227590e+00 1.752510e+00 9.459104e-01 2.536377e+00 1.380397e+00 2.036465e+00 1.131835e+00 9.567019e-01 2.951684e-01 1.554335e+00 1.190960e+00 1.663846e+00 6.377419e-01 9.508201e-01 7.162229e-01 
69 829  3.882660561583510250e-01 0 0 1.196482e+00 4.694282e-01 1.366227e-01 1.217203e+00 1.802467e+00 1.068562e+00 2.512950e+00 1.367198e+00 1.887488e+00 1.122937e+00 1.002588e+00 3.548884e-01 1.515127e+00 1.352842e+00 1.802226e+00 6.057371e-01 8.552347e-01 9.111715e-01 
70 841  6.473454388031427698e-01 0 0 1.242092e+00 5.667396e-01 3.339945e-01 1.075981e+00 1.689955e+00 1.142284e+00 2.585623e+00 1.370029e+00 1.882214e+00 1.121601e+00 8.863462e-01 6.780017e-01 1.764803e+00 1.169182e+00 1.735097e+00 7.148224e-01 9.776952e-01 8.827956e-01 
71 853  6.855949360693273098e-01 0 0 1.356780e+00 3.600994e-01 3.048602e-01 8.023785e-01 1.792615e+00 1.182658e+00 2.570033e+00 1.221665e+00 1.735552e+00 8.478862e-01 6.983377e-01 3.075265e-01 1.554995e+00 1.257461e+00 1.748635e+00 7.811305e-01 1.055780e+00 6.579884e-01 
72 865  6.749639003268240733e-01 0 0 9.281537e-01 3.155638e-01 4.291550e-01 1.051409e+00 1.839682e+00 1.228221e+00 2.679171e+00 1.742855e+00 1.974321e+00 9.987568e-01 6.644416e-01 2.991720e-01 1.834746e+00 1.478648e+00 1.735016e+00 5.776051e-01 1.147832e+00 1.120630e+00 
73 877  7.341647914815138121e-01 0 0 1.111819e+00 2.472176e-01 5.582581e-01 8.705051e-01 1.731459e+00 1.238657e+00 2.724469e+00 1.509027e+00 1.682587e+00 8.136076e-01 8.416674e-01 3.134202e-01 1.741073e+00 1.469287e+00 1.678015e+00 8.638849e-01 1.025821e+00 1.311761e+00 
74 889  5.862011052895734764e-01 0 0 1.090234e+00 4.409709e-01 4.478539e-01 9.776249e-01 1.837049e+00 1.237523e+00 2.712193e+00 1.636496e+00 1.779905e+00 9.968532e-01 9.319059e-01 2.486638e-01 1.718183e+00 1.207577e+00 1.615725e+00 6.682246e-01 1.006613e+00 1.075406e+00 
75 901  4.957621537676276668e-01 0 0 1.170082e+00 3.844552e-01 3.545013e-01 8.612037e-01 1.771184e+00 1.267192e+00 2.810807e+00 1.586624e+00 1.823902e+00 1.229834e+00 9.709403e-01 2.392467e-01 1.851231e+00 1.215270e+00 1.601152e+00 6.642109e-01 1.044107e+00 8.948589e-01 
76 913  5.860034181950212195e-01 0 0 1.003198e+00 3.681850e-01 4.681009e-01 1.049173e+00 1.486018e+00 1.100838e+00 2.595372e+00 1.642373e+00 1.660085e+00 9.264827e-01 8.113619e-01 1.859370e-01 1.589159e+00 1.232005e+00 1.517426e+00 6.902520e-01 9.913846e-01 8.223746e-01 
77 925  3.262079328802327538e-01 0 0 9.791204e-01 4.277669e-01 5.158976e-01 9.651327e-01 1.472222e+00 1.016261e+00 2.524435e+00 1.608560e+00 1.750040e+00 8.636740e-01 8.961138e-01 2.516005e-01 1.545910e+00 1.359577e+00 1.610960e+00 8.040146e-01 1.053394e+00 9.452543e-01 
78 937  3.271813508541250859e-01 0 0 1.186551e+00 3.440438e-01 5.874452e-01 1.000213e+00 1.647331e+00 1.025584e+00 2.689613e+00 1.547180e+00 1.658055e+00 8.961299e-01 8.085097e-01 3.577854e-01 1.824738e+00 1.521775e+00 1.629360e+00 8.244141e-01 1.048461e+00 8.579084e-01 
79 949  4.244839481982320417e-01 0 0 1.230396e+00 1.105446e-01 5.204666e-01 1.100895e+00 1.616074e+00 1.163703e+00 2.885167e+00 1.312635e+00 1.700015e+00 9.984073e-01 8.836040e-01 3.536984e-01 1.694566e+00 1.326915e+00 1.661225e+00 7.760354e-01 1.193039e+00 1.056702e+00 
80 961  2.529805980417630940e-01 0 0 1.273922e+00 1.195030e-01 5.492858e-01 1.016608e+00 1.698102e+00 1.199140e+00 2.871963e+00 1.433275e+00 1.699772e+00 9.309112e-01 8.776554e-01 2.444555e-01 1.647504e+00 1.448339e+00 1.652161e+00 8.241379e-01 1.240547e+00 5.878464e-01 
81 973  3.555995357230756770e-01 0 0 1.187474e+00 2.685098e-01 5.516034e-01 1.018685e+00 1.507312e+00 1.121999e+00 2.666184e+00 1.402147e+00 1.516248e+00 8.642123e-01 1.070267e+00 3.195443e-01 1.506919e+00 1.365375e+00 1.553606e+00 7.693082e-01 1.173583e+00 8.638469e-01 
82 985  3.018838912709769784e-01 0 0 1.150431e+00 3.190424e-01 5.819966e-01 1.065117e+00 1.685573e+00 1.259332e+00 2.788737e+00 1.449094e+00 1.714889e+00 8.093838e-01 1.161362e+00 2.957838e-01 1.594284e+00 1.173864e+00 1.719511e+00 6.989029e-01 1.357761e+00 7.586656e-01 
83 997  2.977822199230785172e-01 0 0 1.163968e+00 1.707343e-01 6.602264e-01 1.080984e+00 1.617342e+00 1.168801e+00 2.836905e+00 1.199518e+00 1.837656e+00 8.372442e-01 9.363833e-01 2.123062e-01 1.615286e+00 1.261871e+00 1.775316e+00 8.110224e-01 1.403211e+00 7.645585e-01 
84 1009  2.448599065970743227e-01 0 0 1.101311e+00 3.072513e-01 7.147856e-01 9.531836e-01 1.652643e+00 1.369349e+00 2.818621e+00 1.377192e+00 1.640232e+00 9.404627e-01 9.103244e-01 1.882592e-01 1.718639e+00 1.188217e+00 1.576417e+00 8.803591e-01 1.271132e+00 6.406734e-01 
85 1021  2.351106896162675486e-01 0 0 1.176633e+00 2.719341e-01 8.083435e-01 1.035680e+00 1.606837e+00 1.367967e+00 2.838574e+00 1.268328e+00 1.539439e+00 7.721198e-01 9.343338e-01 8.722787e-02 1.712999e+00 1.376305e+00 1.639618e+00 9.015063e-01 1.272741e+00 5.590363e-01 
86 1033  1.678999519739569068e-01 0 0 1.216823e+00 2.790082e-01 7.025757e-01 1.014743e+00 1.757250e+00 1.287817e+00 2.971222e+00 1.395649e+00 1.705039e+00 4.560170e-01 8.633377e-01 2.753987e-01 1.589941e+00 1.238738e+00 1.712106e+00 7.310107e-01 1.062127e+00 7.650311e-01 
87 1045  3.152146302191268235e-01 0 0 1.127437e+00 2.112247e-01 6.469304e-01 1.286819e+00 1.515063e+00 1.247477e+00 3.023097e+00 1.307896e+00 1.864285e+00 6.943892e-01 9.004510e-01 4.138358e-01 1.552295e+00 1.199061e+00 1.851853e+00 7.196547e-01 1.164005e+00 8.982620e-01 
88 1057  1.472104365834258077e-01 0 0 1.059396e+00 1.454866e-01 7.368620e-01 1.006528e+00 1.601729e+00 1.316100e+00 3.024066e+00 1.241135e+00 1.836411e+00 5.460842e-01 1.098676e+00 3.168094e-01 1.570739e+00 1.234318e+00 1.932497e+00 7.657631e-01 1.158932e+00 6.826786e-01 
89 1069  1.491694388365354118e-01 0 0 1.036134e+00 1.073114e-01 7.890916e-01 9.864781e-01 1.423298e+00 1.391148e+00 3.000222e+00 1.305543e+00 1.897408e+00 6.164637e-01 8.825424e-01 2.959084e-01 1.524481e+00 1.210470e+00 1.769748e+00 7.520986e-01 1.251531e+00 8.798322e-01 
90 1081  1.806878804384537129e-01 0 0 1.009449e+00 2.376159e-01 7.186234e-01 1.144681e+00 1.601995e+00 1.471717e+00 2.941712e+00 1.279971e+00 1.899794e+00 6.119585e-01 9.796552e-01 1.517117e-01 1.571927e+00 1.275834e+00 1.911627e+00 5.055832e-01 1.009240e+00 9.039849e-01 
91 1093  2.571151082116234221e-01 0 0 9.998893e-01 6.344867e-02 6.307053e-01 1.210048e+00 1.504744e+00 1.289131e+00 3.002223e+00 1.301314e+00 1.834582e+00 5.950899e-01 9.682585e-01 2.655436e-01 1.569793e+00 1.430254e+00 2.097856e+00 3.946942e-01 1.051048e+00 7.649694e-01 
92 1105  7.244729831610935422e-02 0 0 9.318223e-01 1.201448e-02 6.575726e-01 1.083024e+00 1.778500e+00 1.408032e+00 2.916810e+00 1.409634e+00 1.910459e+00 7.127439e-01 1.007607e+00 2.015976e-01 1.692128e+00 1.521585e+00 2.065287e+00 4.184171e-01 1.155590e+00 6.612004e-01 
93 1117  2.522742569383373823e-01 0 0 1.016787e+00 3.473615e-01 7.526126e-01 1.008178e+00 1.710444e+00 1.254817e+00 2.671878e+00 1.352905e+00 2.045481e+00 6.202088e-01 1.088839e+00 3.354141e-01 1.596380e+00 1.436297e+00 1.839373e+00 5.321790e-01 1.042862e+00 1.112334e+00 
94 1129  1.608599257961636775e-01 0 0 1.024692e+00 8.796131e-02 6.306304e-01 1.180538e+00 1.657825e+00 1.278321e+00 2.701962e+00 1.349544e+00 1.981652e+00 4.916507e-01 1.000753e+00 1.683617e-01 1.535188e+00 1.426757e+00 2.033474e+00 2.987807e-01 1.172399e+00 8.639874e-01 
95 1141  1.625252945997670007e-01 0 0 1.015946e+00 1.257893e-01 6.994873e-01 1.093158e+00 1.533306e+00 1.262379e+00 2.668425e+00 1.365761e+00 2.063628e+00 4.159585e-01 1.088117e+00 3.743176e-01 1.559794e+00 1.479160e+00 2.175211e+00 2.466456e-01 1.274979e+00 7.490703e-01 
96 1153  2.058778281970639057e-01 0 0 9.600892e-01 1.837436e-01 5.106360e-01 1.229439e+00 1.553647e+00 1.236202e+00 2.631666e+00 1.526777e+00 2.176356e+00 4.868576e-01 1.037917e+00 2.795198e-01 1.483796e+00 1.682490e+00 2.286793e+00 2.330044e-01 1.048084e+00 9.520379e-01 
97 1165  1.533759974155825545e-01 0 0 9.751943e-01 2.053292e-02 5.648054e-01 1.082130e+00 1.570215e+00 1.031882e+00 2.910157e+00 1.476778e+00 2.144986e+00 5.769785e-01 1.085714e+00 1.325262e-01 1.574470e+00 1.611504e+00 2.302817e+00 3.260997e-01 1.031834e+00 7.049255e-01 
98 1177  1.445371717006024292e-01 0 0 9.644154e-01 9.120475e-02 6.149327e-01 1.065285e+00 1.615130e+00 1.205335e+00 2.837476e+00 1.276313e+00 2.155023e+00 5.920399e-01 1.009236e+00 4.490054e-01 1.580070e+00 1.309325e+00 2.257343e+00 3.340528e-01 1.296815e+00 7.017266e-01 
99 1189  1.795751830146986028e-01 0 0 1.062404e+00 1.140849e-01 4.917001e-01 1.089398e+00 1.831923e+00 1.327089e+00 2.689425e+00 1.281903e+00 1.897079e+00 6.074238e-01 9.465491e-01 3.832960e-01 1.674780e+00 1.422112e+00 2.194325e+00 3.200931e-01 1.168046e+00 7.330493e-01 
100 1201  1.409315907756731878e-01 0 0 9.333087e-01 1.449680e-01 7.143847e-01 1.109576e+00 1.756019e+00 1.252933e+00 2.694670e+00 1.263324e+00 2.039211e+00 4.443549e-01 1.083913e+00 3.341479e-01 1.695230e+00 1.345289e+00 2.192584e+00 1.048784e-01 1.125357e+00 8.494478e-01 
101 1213  1.823977978070518147e-01 0 0 1.228975e+00 2.064858e-01 5.037270e-01 9.606524e-01 1.744912e+00 1.298745e+00 2.820572e+00 1.217088e+00 1.905596e+00 6.238629e-01 1.015229e+00 2.733569e-01 1.659191e+00 1.369830e+00 2.058386e+00 3.162290e-01 1.128396e+00 7.935400e-01 
102 1225  1.911286884889079885e-01 0 0 1.177731e+00 4.567677e-02 4.499115e-01 9.548130e-01 1.748533e+00 1.349303e+00 2.879564e+00 1.153711e+00 2.052202e+00 5.242768e-01 1.020204e+00 2.089913e-01 1.565141e+00 1.346660e+00 2.233639e+00 6.922793e-02 9.829743e-01 7.993747e-01 
103 1237  2.696040963301939430e-01 0 0 1.165036e+00 1.440553e-01 4.463042e-01 8.748037e-01 1.661794e+00 1.145613e+00 2.821212e+00 1.272407e+00 1.977363e+00 4.241949e-01 1.229991e+00 1.748062e-01 1.518226e+00 1.390146e+00 2.196731e+00 1.815892e-01 1.021949e+00 7.785554e-01 
104 1249  2.246337759841737780e-01 0 0 1.207748e+00 8.853174e-02 5.333468e-01 1.011162e+00 1.644051e+00 1.156937e+00 2.991270e+00 1.405974e+00 1.946678e+00 3.677588e-01 1.328275e+00 2.115800e-01 1.542527e+00 1.433285e+00 2.238185e+00 1.681591e-01 1.188886e+00 6.067155e-01 
105 1261  1.422325529571131231e-01 0 0 1.101229e+00 -3.788418e-03 5.374261e-01 9.600992e-01 1.700712e+00 1.250964e+00 2.934630e+00 1.270280e+00 2.080403e+00 4.065852e-01 1.224509e+00 1.714401e-01 1.534648e+00 1.464635e+00 2.344290e+00 -8.781869e-02 1.051905e+00 5.302628e-01 
106 1273  2.101188651361581283e-01 0 0 1.059359e+00 -1.010524e-01 4.862506e-01 1.113706e+00 1.783674e+00 1.239460e+00 3.117429e+00 1.322488e+00 2.112793e+00 2.598376e-01 1.357156e+00 2.444124e-01 1.654072e+00 1.291513e+00 2.664456e+00 -4.132185e-01 1.139598e+00 5.887578e-01 
107 1285  3.561069406249826041e-01 0 0 1.137036e+00 1.502277e-01 5.792895e-01 1.083961e+00 1.557805e+00 1.160705e+00 2.973980e+00 1.545605e+00 2.062349e+00 5.886044e-01 1.142344e+00 2.584704e-01 1.652492e+00 1.315573e+00 2.143794e+00 2.928778e-02 1.167282e+00 5.767559e-01 
108 1297  5.072830042988487470e-02 0 0 9.175662e-01 6.195020e-02 7.021122e-01 1.267209e+00 1.501069e+00 1.312570e+00 2.925523e+00 1.507811e+00 2.044313e+00 4.432033e-01 1.265957e+00 3.255553e-01 1.693942e+00 1.444416e+00 2.229085e+00 -8.541854e-02 1.132572e+00 6.179306e-01 
109 1309  1.483985988804393530e-01 0 0 9.027824e-01 -1.538249e-01 7.913760e-01 1.150170e+00 1.600371e+00 1.267789e+00 3.039405e+00 1.449929e+00 1.979761e+00 4.497288e-01 1.288394e+00 3.174073e-01 1.770001e+00 1.442492e+00 2.239901e+00 -9.695199e-02 1.197386e+00 4.972242e-01 
110 1321  8.916105537187257735e-02 0 0 8.231621e-01 4.986320e-02 7.827298e-01 1.149667e+00 1.512825e+00 1.294909e+00 2.931331e+00 1.537773e+00 1.997638e+00 6.192718e-01 1.342687e+00 3.055280e-01 1.827719e+00 1.567338e+00 2.164938e+00 -5.221154e-02 1.272364e+00 5.316106e-01 
111 1333  1.130994498784026192e-01 0 0 7.603291e-01 -1.518791e-01 8.697255e-01 1.342876e+00 1.316387e+00 1.259404e+00 3.162104e+00 1.584311e+00 1.968967e+00 4.184991e-01 1.318122e+00 2.790558e-01 1.607167e+00 1.536425e+00 2.227245e+00 -3.504875e-02 1.039517e+00 5.696694e-01 
112 1345  1.049857639307034407e-01 0 0 9.224463e-01 2.267873e-01 8.641988e-01 1.283394e+00 1.296924e+00 1.171703e+00 2.894353e+00 1.513123e+00 2.029572e+00 6.632965e-01 1.311834e+00 2.797373e-01 1.672766e+00 1.339774e+00 2.051507e+00 7.511795e-02 1.295007e+00 4.760518e-01 
113 1357  1.335367805859437595e-01 0 0 8.909605e-01 9.460631e-02 7.887655e-01 1.260275e+00 1.368036e+00 1.187606e+00 2.942528e+00 1.561570e+00 2.023456e+00 5.644053e-01 1.205232e+00 2.038391e-01 1.657542e+00 1.377801e+00 1.994478e+00 1.213671e-01 1.050475e+00 5.652572e-01 
114 1369  5.220991116284290356e-02 0 0 8.080539e-01 -1.915413e-01 9.685828e-01 1.315547e+00 1.326366e+00 1.262369e+00 2.973136e+00 1.573769e+00 2.071848e+00 4.158851e-01 1.457871e+00 2.151555e-01 1.701433e+00 1.660928e+00 2.030629e+00 -1.052653e-01 1.162263e+00 5.620130e-01 
115 1381  9.600675606662942285e-02 0 0 8.692549e-01 1.014983e-01 9.429152e-01 1.208289e+00 1.384652e+00 1.171681e+00 2.722705e+00 1.543969e+00 2.098626e+00 3.785946e-01 1.338945e+00 1.557425e-01 1.582376e+00 1.550952e+00 2.013623e+00 6.333160e-02 1.084493e+00 6.230233e-01 
116 1393  1.634895216585068034e-01 0 0 1.122970e+00 3.297970e-01 8.642262e-01 1.116012e+00 1.337443e+00 1.188039e+00 2.715822e+00 1.529493e+00 1.880285e+00 5.993089e-01 1.503678e+00 8.773710e-02 1.544767e+00 1.519937e+00 1.724763e+00 3.841385e-01 1.138028e+00 6.059521e-01 
117 1405  1.151929346590333247e-01 0 0 1.068411e+00 3.732022e-01 7.551037e-01 1.032896e+00 1.429446e+00 1.160264e+00 2.732981e+00 1.481024e+00 1.889151e+00 5.513610e-01 1.425640e+00 3.251675e-01 1.644474e+00 1.402891e+00 1.849077e+00 2.562611e-01 1.106539e+00 6.850971e-01 
118 1417  1.120834370297022764e-01 0 0 1.151062e+00 3.691665e-01 7.221215e-01 9.268766e-01 1.381104e+00 1.115729e+00 2.944666e+00 1.625388e+00 1.799614e+00 4.082006e-01 1.445354e+00 1.058307e-01 1.744379e+00 1.493235e+00 1.903197e+00 1.330982e-01 1.078356e+00 5.196879e-01 
119 1429  1.696169332922981554e-01 0 0 9.950088e-01 2.774742e-01 9.784877e-01 1.101115e+00 1.356098e+00 1.252566e+00 2.862329e+00 1.480224e+00 1.981547e+00 4.121384e-01 1.321648e+00 3.157401e-01 1.664120e+00 1.449730e+00 1.961021e+00 2.580441e-02 9.922230e-01 2.403969e-01 
120 1441  1.639019911804128204e-01 0 0 1.204126e+00 2.754721e-01 5.824704e-01 1.129411e+00 1.633600e+00 1.330938e+00 2.990429e+00 1.588835e+00 1.889581e+00 4.217264e-01 1.521476e+00 2.998053e-01 1.671191e+00 1.427650e+00 2.095735e+00 6.494487e-02 7.494264e-01 4.947932e-01 
121 1453  1.306732118412187449e-01 0 0 1.180525e+00 5.848368e-01 6.375997e-01 9.470417e-01 1.476683e+00 1.287660e+00 2.778605e+00 1.510072e+00 1.773970e+00 5.965090e-01 1.586112e+00 3.592265e-01 1.748624e+00 1.494171e+00 1.913457e+00 2.288060e-01 8.259640e-01 4.852602e-01 
122 1465  1.130103388321919283e-01 0 0 1.076096e+00 3.429731e-01 7.348195e-01 1.154155e+00 1.511342e+00 1.239510e+00 2.815379e+00 1.654091e+00 1.872415e+00 3.922067e-01 1.538087e+00 1.390093e-01 1.576149e+00 1.493793e+00 1.927437e+00 1.856097e-01 8.648597e-01 5.271746e-01 
123 1477  1.073846941815511935e-01 0 0 1.152291e+00 4.263205e-01 7.447377e-01 1.110210e+00 1.475538e+00 1.249601e+00 2.790453e+00 1.466203e+00 1.906039e+00 4.107319e-01 1.449402e+00 2.529672e-01 1.596202e+00 1.477184e+00 1.966428e+00 2.792807e-01 8.174595e-01 8.554842e-01 
124 1489  1.350455131019343558e-01 0 0 1.142681e+00 5.146549e-01 7.733276e-01 1.189415e+00 1.448626e+00 1.345314e+00 2.907520e+00 1.414191e+00 1.858589e+00 6.078659e-01 1.401213e+00 3.415899e-01 1.744952e+00 1.354670e+00 1.896792e+00 2.486949e-01 9.455106e-01 6.589234e-01 
125 1501  4.999768580198835077e-02 0 0 1.120929e+00 3.205180e-01 7.008070e-01 1.252102e+00 1.472697e+00 1.253803e+00 2.994182e+00 1.401099e+00 1.868321e+00 4.296896e-01 1.165591e+00 3.479050e-01 1.662910e+00 1.363128e+00 2.087622e+00 2.784816e-01 8.015420e-01 7.939844e-01 
126 1513  9.739538846917639159e-02 0 0 1.210037e+00 5.075137e-01 7.555237e-01 1.054096e+00 1.383819e+00 1.290513e+00 2.910588e+00 1.482780e+00 1.738443e+00 5.803289e-01 1.262076e+00 2.289041e-01 1.767950e+00 1.410074e+00 1.715641e+00 3.373045e-01 8.434534e-01 7.909496e-01 
127 1525  1.507139831369532224e-01 0 0 1.159581e+00 3.503683e-01 7.500290e-01 1.175159e+00 1.337265e+00 1.428310e+00 2.883736e+00 1.550325e+00 1.940866e+00 3.766934e-01 1.394152e+00 1.963800e-01 1.653530e+00 1.531726e+00 1.923060e+00 9.610467e-02 7.089429e-01 6.282848e-01 
128 1537  1.761895198851404221e-01 0 0 1.242932e+00 5.841667e-01 8.465815e-01 1.099850e+00 1.312308e+00 1.264931e+00 2.870816e+00 1.549160e+00 1.792614e+00 3.326635e-01 1.466437e+00 2.751506e-01 1.584820e+00 1.432407e+00 1.824034e+00 3.523399e-01 8.007228e-01 6.619905e-01 
129 1549  4.834307322295734732e-02 0 0 1.087947e+00 4.743647e-01 8.593593e-01 1.207472e+00 1.311873e+00 1.326705e+00 2.878578e+00 1.644442e+00 1.839689e+00 3.671969e-01 1.264245e+00 2.959141e-01 1.674425e+00 1.500846e+00 1.899728e+00 2.636752e-01 8.095316e-01 6.533514e-01 
130 1561  8.024253429463755471e-02 0 0 1.108499e+00 5.922483e-01 8.625989e-01 1.178049e+00 1.216538e+00 1.268195e+00 2.943888e+00 1.675768e+00 1.868322e+00 3.572040e-01 1.420525e+00 2.650021e-01 1.775461e+00 1.599613e+00 1.977296e+00 1.277335e-01 8.075795e-01 5.962218e-01 
131 1573  7.792718096580458775e-02 0 0 1.039764e+00 4.281647e-01 8.207671e-01 1.162784e+00 1.251279e+00 1.352712e+00 2.907223e+00 1.692791e+00 1.778748e+00 5.210997e-01 1.271413e+00 2.501935e-01 1.716023e+00 1.542214e+00 1.841924e+00 3.028120e-01 9.225963e-01 6.165349e-01 
132 1585  5.896410007875112907e-02 0 0 1.044372e+00 4.324469e-01 8.590096e-01 1.304201e+00 1.226839e+00 1.320225e+00 2.903629e+00 1.828232e+00 1.846536e+00 4.075584e-01 1.352608e+00 2.220018e-01 1.727307e+00 1.673119e+00 1.843018e+00 2.082328e-01 8.365448e-01 5.710819e-01 
133 1597  6.336178334135936230e-02 0 0 1.042000e+00 3.624649e-01 7.834974e-01 1.237137e+00 1.298409e+00 1.321347e+00 2.989387e+00 1.802430e+00 1.839847e+00 4.267412e-01 1.344836e+00 1.310703e-01 1.706702e+00 1.582709e+00 1.815452e+00 1.763645e-01 7.367911e-01 6.452923e-01 
134 1609  7.534911466842786343e-02 0 0 1.077408e+00 5.302643e-01 8.323295e-01 1.253981e+00 1.240126e+00 1.246368e+00 2.790281e+00 1.785201e+00 1.772091e+00 3.620203e-01 1.424665e+00 1.228823e-01 1.692732e+00 1.671503e+00 1.786680e+00 2.064861e-01 7.330251e-01 5.700849e-01 
135 1621  8.965470053828521191e-02 0 0 1.151993e+00 6.508672e-01 8.607151e-01 1.190549e+00 1.210378e+00 1.210264e+00 2.773445e+00 1.859655e+00 1.709563e+00 3.982285e-01 1.339535e+00 3.312622e-02 1.732914e+00 1.714424e+00 1.626468e+00 3.781507e-01 7.757951e-01 5.414566e-01 
136 1633  8.198967258060448071e-02 0 0 1.090486e+00 4.671132e-01 8.910152e-01 1.185304e+00 1.349983e+00 1.222161e+00 2.859753e+00 1.874471e+00 1.803617e+00 2.780010e-01 1.409408e+00 -3.445840e-02 1.727234e+00 1.657028e+00 1.711444e+00 1.769184e-01 8.446430e-01 5.048338e-01 
137 1645  8.731796840615446698e-02 0 0 1.113128e+00 6.103886e-01 8.813895e-01 1.252857e+00 1.272688e+00 1.353341e+00 2.733079e+00 1.847990e+00 1.802664e+00 2.721862e-01 1.384746e+00 6.068768e-02 1.716279e+00 1.646972e+00 1.656353e+00 2.504263e-01 7.986909e-01 4.993834e-01 
138 1657  1.128158621141091000e-01 0 0 1.157350e+00 6.391277e-01 8.281703e-01 1.172119e+00 1.266996e+00 1.470539e+00 2.700093e+00 1.734656e+00 1.829621e+00 2.027535e-01 1.337096e+00 1.350738e-01 1.734701e+00 1.639902e+00 1.852654e+00 2.641752e-01 8.215764e-01 5.463856e-01 
139 1669  8.253875466416422946e-02 0 0 1.133549e+00 6.010270e-01 8.355466e-01 1.153382e+00 1.375121e+00 1.478435e+00 2.820366e+00 1.809574e+00 1.735259e+00 1.375515e-01 1.462219e+00 7.806809e-02 1.755515e+00 1.734874e+00 1.888516e+00 1.546560e-01 7.276833e-01 5.117384e-01 
140 1681  8.308817126902998118e-02 0 0 1.056975e+00 5.384436e-01 9.364927e-01 1.223616e+00 1.330234e+00 1.481552e+00 2.774869e+00 1.850369e+00 1.836025e+00 5.975391e-02 1.435106e+00 5.149028e-02 1.674928e+00 1.716702e+00 1.865871e+00 1.310267e-01 7.023597e-01 5.114139e-01 
141 1693  1.127294516679182013e-01 0 0 1.100887e+00 5.166493e-01 9.929935e-01 1.208038e+00 1.305462e+00 1.503724e+00 2.829115e+00 1.739392e+00 1.820436e+00 2.337859e-01 1.468915e+00 3.006461e-02 1.680117e+00 1.616428e+00 1.718044e+00 1.621277e-01 7.616567e-01 4.994547e-01 
142 1705  1.023549365831972618e-01 0 0 1.132179e+00 5.261967e-01 9.618319e-01 1.132736e+00 1.505305e+00 1.453358e+00 2.826606e+00 1.761517e+00 1.786732e+00 1.564028e-01 1.284234e+00 5.571047e-02 1.681649e+00 1.616345e+00 1.747864e+00 2.666086e-01 7.650361e-01 5.599978e-01 
143 1717  7.995354990785741300e-02 0 0 1.094961e+00 4.958017e-01 9.247821e-01 1.181723e+00 1.461386e+00 1.473756e+00 2.835715e+00 1.752202e+00 1.885347e+00 1.846467e-01 1.454820e+00 -1.420369e-02 1.707334e+00 1.615278e+00 1.865881e+00 1.335184e-01 8.197175e-01 5.117264e-01 
144 1729  9.353648753300974894e-02 0 0 1.076340e+00 4.607257e-01 9.745641e-01 1.253504e+00 1.442828e+00 1.589770e+00 2.824932e+00 1.666301e+00 1.847309e+00 2.419487e-01 1.433036e+00 3.916118e-02 1.674100e+00 1.555189e+00 1.842844e+00 1.467555e-01 8.243956e-01 5.227252e-01 
145 1741  1.025957587238606750e-01 0 0 1.138875e+00 4.530875e-01 9.464314e-01 1.227270e+00 1.487469e+00 1.519687e+00 2.984313e+00 1.680317e+00 1.813883e+00 1.588154e-01 1.390305e+00 1.396408e-01 1.689262e+00 1.531797e+00 1.938308e+00 1.805492e-01 7.344371e-01 6.438860e-01 
146 1753  9.735627916670432092e-02 0 0 1.148214e+00 4.930101e-01 1.002389e+00 1.125811e+00 1.452484e+00 1.601061e+00 2.791262e+00 1.660477e+00 1.892223e+00 3.295280e-02 1.390572e+00 1.129052e-01 1.641381e+00 1.599972e+00 1.847093e+00 1.884580e-01 7.848538e-01 6.400446e-01 
147 1765  1.057814562525734303e-01 0 0 1.266803e+00 5.625668e-01 9.162895e-01 1.166471e+00 1.446355e+00 1.575629e+00 2.840184e+00 1.755904e+00 1.683913e+00 4.431805e-02 1.324212e+00 6.592943e-02 1.734156e+00 1.683874e+00 1.731019e+00 3.877543e-01 8.571227e-01 6.070090e-01 
148 1777  1.137306093561980674e-01 0 0 1.105554e+00 4.312120e-01 9.837289e-01 1.023773e+00 1.441383e+00 1.658270e+00 2.829530e+00 1.612581e+00 1.786360e+00 5.807063e-02 1.319061e+00 7.470785e-02 1.686737e+00 1.676806e+00 1.795544e+00 3.122262e-01 9.081650e-01 7.318937e-01 
149 1789  7.350246016976866303e-02 0 0 1.120269e+00 4.999558e-01 9.986000e-01 1.117179e+00 1.443548e+00 1.587861e+00 2.722189e+00 1.740805e+00 1.775878e+00 -2.545173e-02 1.288329e+00 -8.374509e-03 1.724639e+00 1.801412e+00 1.824059e+00 2.880155e-01 8.521730e-01 5.418710e-01 
150 1801  6.030303148376610356e-02 0 0 1.153306e+00 4.271434e-01 9.834452e-01 1.231107e+00 1.373052e+00 1.424952e+00 2.844960e+00 1.729374e+00 1.818321e+00 -3.156970e-02 1.245540e+00 3.300531e-02 1.731669e+00 1.717975e+00 1.854546e+00 2.811622e-01 7.917281e-01 6.552279e-01 
151 1813  6.021804001060957617e-02 0 0 1.085392e+00 4.409721e-01 9.457635e-01 1.166204e+00 1.383291e+00 1.458182e+00 2.792821e+00 1.645994e+00 1.819226e+00 2.600168e-01 1.192237e+00 2.697966e-02 1.773508e+00 1.733967e+00 1.820863e+00 2.309050e-01 8.726284e-01 5.914482e-01 
152 1825  6.634000943810502982e-02 0 0 1.124832e+00 3.739020e-01 9.222751e-01 1.184830e+00 1.406802e+00 1.492778e+00 2.860530e+00 1.648857e+00 1.867974e+00 7.370676e-02 1.236482e+00 7.151337e-02 1.737773e+00 1.597042e+00 1.874886e+00 1.285590e-01 8.091355e-01 5.702334e-01 
153 1837  6.114714826042487450e-02 0 0 1.116296e+00 4.287812e-01 9.561606e-01 1.175118e+00 1.493721e+00 1.460714e+00 2.815161e+00 1.681641e+00 1.820716e+00 8.189313e-02 1.329665e+00 -2.191059e-02 1.755486e+00 1.725941e+00 1.881895e+00 1.183201e-01 7.833150e-01 5.381263e-01 
154 1849  7.918458489912433285e-02 0 0 1.228295e+00 5.906351e-01 9.339169e-01 1.129817e+00 1.440197e+00 1.561928e+00 2.782391e+00 1.562506e+00 1.859975e+00 5.842494e-02 1.299968e+00 -2.049896e-02 1.724908e+00 1.631074e+00 1.855880e+00 2.026086e-01 6.974136e-01 6.278455e-01 
155 1861  7.425117262774706683e-02 0 0 1.195143e+00 4.664518e-01 9.433507e-01 1.217829e+00 1.450509e+00 1.511198e+00 2.791649e+00 1.691727e+00 1.953790e+00 5.771215e-02 1.329324e+00 -1.972188e-02 1.713370e+00 1.686896e+00 1.844911e+00 1.419953e-01 7.151979e-01 4.920345e-01 
156 1873  6.553471745661818004e-02 0 0 1.129307e+00 4.215947e-01 9.533786e-01 1.212472e+00 1.414094e+00 1.479390e+00 2.750207e+00 1.810677e+00 1.931907e+00 -3.925389e-02 1.299613e+00 -4.795359e-02 1.705625e+00 1.794810e+00 1.851159e+00 1.745353e-01 6.711569e-01 4.202206e-01 
157 1885  4.849041746164147598e-02 0 0 1.169078e+00 4.775189e-01 9.242583e-01 1.121060e+00 1.478988e+00 1.463864e+00 2.867283e+00 1.714523e+00 1.986812e+00 2.881090e-02 1.305621e+00 -3.201155e-02 1.749981e+00 1.717541e+00 1.987263e+00 1.062983e-01 6.684293e-01 4.387144e-01 
158 1897  5.438435147114965146e-02 0 0 1.144872e+00 4.565437e-01 9.025307e-01 1.126729e+00 1.594436e+00 1.405401e+00 2.785685e+00 1.639147e+00 1.911746e+00 4.668589e-02 1.207672e+00 -3.057539e-03 1.742500e+00 1.697250e+00 2.034751e+00 1.109540e-01 7.176109e-01 5.158882e-01 
159 1909  8.287709247992625095e-02 0 0 1.105692e+00 3.810415e-01 9.185132e-01 1.175335e+00 1.483628e+00 1.449294e+00 2.872965e+00 1.605522e+00 1.954800e+00 6.008420e-02 1.247335e+00 3.682195e-02 1.733619e+00 1.725595e+00 2.037900e+00 8.169470e-02 6.712733e-01 5.042561e-01 
160 1921  5.274800089609377879e-02 0 0 1.205469e+00 3.121043e-01 9.123686e-01 1.218549e+00 1.510604e+00 1.505937e+00 3.009162e+00 1.612208e+00 1.946392e+00 -2.616461e-02 1.227127e+00 -4.281699e-02 1.762337e+00 1.642982e+00 2.038025e+00 -1.489467e-03 6.908153e-01 4.353287e-01 
161 1933  6.559602616675000442e-02 0 0 1.180012e+00 3.487249e-01 9.564161e-01 1.171190e+00 1.567790e+00 1.498926e+00 2.874088e+00 1.590529e+00 1.871783e+00 -1.744941e-02 1.262126e+00 5.553150e-03 1.767766e+00 1.689279e+00 1.944662e+00 1.239099e-01 7.096635e-01 5.467686e-01 
162 1945  7.767463851257717933e-02 0 0 1.118549e+00 3.480080e-01 8.893047e-01 1.176423e+00 1.548231e+00 1.457525e+00 2.906890e+00 1.648740e+00 1.869619e+00 4.006195e-03 1.308598e+00 -1.624825e-02 1.744127e+00 1.756869e+00 2.005050e+00 5.331477e-02 5.795122e-01 5.246217e-01 
163 1957  6.604696665873738270e-02 0 0 1.085252e+00 3.252921e-01 9.848104e-01 1.237415e+00 1.411118e+00 1.357069e+00 2.999192e+00 1.700271e+00 1.875358e+00 3.877550e-02 1.239841e+00 4.069871e-02 1.710972e+00 1.747401e+00 2.071762e+00 1.061962e-01 6.329807e-01 5.312424e-01 
164 1969  4.955026827314152477e-02 0 0 1.114682e+00 3.250543e-01 1.027075e+00 1.264108e+00 1.456973e+00 1.418227e+00 2.994546e+00 1.666457e+00 1.884314e+00 -1.568881e-02 1.145810e+00 3.746922e-03 1.753417e+00 1.710404e+00 2.027550e+00 1.879263e-01 6.505969e-01 5.020361e-01 
165 1981  4.663615587157967507e-02 0 0 1.123889e+00 3.015781e-01 1.017861e+00 1.277297e+00 1.466033e+00 1.479754e+00 2.993090e+00 1.677298e+00 1.888264e+00 -3.550332e-02 1.172809e+00 -4.649692e-02 1.742967e+00 1.735659e+00 2.067307e+00 1.305828e-01 7.391707e-01 4.478552e-01 
166 1993  5.512846797854252523e-02 0 0 1.142320e+00 2.329606e-01 9.218378e-01 1.246797e+00 1.510496e+00 1.402854e+00 2.954492e+00 1.616191e+00 1.959166e+00 -6.967492e-02 1.142977e+00 1.856704e-02 1.713843e+00 1.781777e+00 2.234180e+00 5.404183e-02 6.863690e-01 4.776255e-01 
167 2005  4.802231199553088498e-02 0 0 1.160892e+00 2.761307e-01 9.751627e-01 1.253208e+00 1.473442e+00 1.418677e+00 2.918261e+00 1.666524e+00 1.887228e+00 -8.002398e-02 1.172644e+00 -6.774670e-02 1.784143e+00 1.809616e+00 2.015028e+00 1.038166e-01 6.530824e-01 4.296796e-01 
168 2017  4.887191044380186783e-02 0 0 1.129748e+00 2.438824e-01 1.054069e+00 1.236480e+00 1.492428e+00 1.484351e+00 3.007108e+00 1.634836e+00 1.925026e+00 -4.387129e-02 1.100415e+00 -4.993967e-02 1.768743e+00 1.735885e+00 2.027418e+00 1.346353e-01 6.981801e-01 4.214053e-01 
169 2029  5.537531564100642290e-02 0 0 1.169805e+00 2.356314e-01 1.023300e+00 1.198666e+00 1.570403e+00 1.464130e+00 2.983232e+00 1.622783e+00 1.854811e+00 -4.264445e-02 1.098295e+00 -8.219478e-02 1.769220e+00 1.756801e+00 2.050450e+00 1.713527e-01 7.995348e-01 4.783373e-01 
170 2041  8.397862836605750336e-02 0 0 1.161176e+00 1.789505e-01 9.927260e-01 1.228935e+00 1.649230e+00 1.538043e+00 2.956968e+00 1.604061e+00 1.892430e+00 -1.088784e-01 1.142761e+00 -7.749851e-02 1.676669e+00 1.802237e+00 2.083583e+00 1.915387e-01 6.993400e-01 4.822751e-01 
171 2053  5.717073701081394621e-02 0 0 1.140577e+00 2.135664e-01 1.008971e+00 1.191209e+00 1.594320e+00 1.552499e+00 3.035360e+00 1.637903e+00 1.838067e+00 -8.459544e-02 1.138500e+00 -4.883131e-02 1.776574e+00 1.777616e+00 2.031415e+00 1.352291e-01 6.812806e-01 4.605419e-01 
172 2065  5.273886442201203978e-02 0 0 1.143298e+00 1.981643e-01 1.145162e+00 1.187055e+00 1.591505e+00 1.530391e+00 3.045248e+00 1.557406e+00 1.927352e+00 -1.498778e-01 1.088860e+00 -9.838009e-02 1.715388e+00 1.747703e+00 2.077394e+00 1.845222e-01 7.289557e-01 4.650046e-01 
173 2077  5.612791469447538789e-02 0 0 1.183723e+00 2.092878e-01 1.068248e+00 1.146029e+00 1.590818e+00 1.497019e+00 2.997536e+00 1.524231e+00 1.851093e+00 -1.529251e-01 1.069236e+00 -8.673877e-02 1.700199e+00 1.716514e+00 2.062361e+00 2.202326e-01 7.448256e-01 4.803206e-01 
174 2089  4.158253732952551379e-02 0 0 1.099943e+00 1.547335e-01 1.078200e+00 1.163219e+00 1.606070e+00 1.437062e+00 3.056961e+00 1.606462e+00 1.953322e+00 -1.243484e-01 1.031525e+00 5.700065e-03 1.675123e+00 1.716477e+00 2.122057e+00 2.064837e-01 7.033932e-01 4.699515e-01 
175 2101  4.309626542669257182e-02 0 0 1.108416e+00 1.671096e-01 1.072568e+00 1.139947e+00 1.622650e+00 1.545973e+00 3.073028e+00 1.547427e+00 1.977809e+00 -5.059928e-02 1.167945e+00 4.342461e-02 1.700426e+00 1.741020e+00 2.176662e+00 7.473376e-02 6.790601e-01 3.909044e-01 
176 2113  4.238343561790245545e-02 0 0 1.102761e+00 1.642188e-01 1.026025e+00 1.211291e+00 1.566259e+00 1.463635e+00 3.062512e+00 1.681140e+00 1.954065e+00 -1.630399e-01 1.128049e+00 2.756463e-02 1.721696e+00 1.765323e+00 2.172086e+00 1.489467e-01 6.837655e-01 4.504764e-01 
177 2125  5.360738604964199877e-02 0 0 1.086230e+00 9.851111e-02 1.057833e+00 1.186135e+00 1.582572e+00 1.473937e+00 3.098915e+00 1.584888e+00 1.975081e+00 -1.276008e-01 1.165971e+00 -1.178928e-02 1.706588e+00 1.719124e+00 2.244736e+00 5.625706e-02 7.107348e-01 4.745052e-01 
178 2137  4.261793900884498776e-02 0 0 1.079269e+00 1.359150e-01 1.087541e+00 1.219693e+00 1.553811e+00 1.432461e+00 3.092724e+00 1.633386e+00 1.990337e+00 -9.233053e-02 1.103400e+00 -2.821242e-02 1.741880e+00 1.756904e+00 2.198383e+00 1.094962e-01 7.370648e-01 4.631991e-01 
179 2149  3.391754302685651840e-02 0 0 1.088620e+00 9.183361e-02 1.111333e+00 1.226300e+00 1.559257e+00 1.417591e+00 3.085152e+00 1.636657e+00 1.951451e+00 -1.290292e-01 1.025601e+00 5.212242e-02 1.759834e+00 1.794708e+00 2.175224e+00 1.695168e-01 7.428220e-01 4.603271e-01 
180 2161  2.605234584185723082e-02 0 0 1.108598e+00 6.703418e-02 1.127448e+00 1.194396e+00 1.556029e+00 1.429695e+00 3.052822e+00 1.588186e+00 1.979226e+00 -2.487391e-01 1.029291e+00 2.190237e-02 1.664576e+00 1.850602e+00 2.246325e+00 1.763482e-01 6.522903e-01 4.332179e-01 
181 2173  3.222224780281239542e-02 0 0 1.116029e+00 1.198541e-01 1.143923e+00 1.174773e+00 1.548134e+00 1.371541e+00 3.017936e+00 1.562204e+00 1.975473e+00 -9.524369e-02 1.102131e+00 3.651166e-02 1.688232e+00 1.784018e+00 2.137243e+00 2.296988e-01 7.654712e-01 5.106800e-01 
182 2185  2.571416492820036842e-02 0 0 1.110310e+00 1.249524e-01 1.109572e+00 1.223515e+00 1.604728e+00 1.411714e+00 2.973051e+00 1.571990e+00 2.004982e+00 -1.376543e-01 1.019004e+00 3.503304e-02 1.683276e+00 1.736360e+00 2.163948e+00 2.191992e-01 7.653210e-01 4.416235e-01 
183 2197  3.452300202744208041e-02 0 0 1.140705e+00 1.363240e-01 1.139592e+00 1.163691e+00 1.617483e+00 1.386785e+00 3.003011e+00 1.536506e+00 1.979111e+00 -1.405079e-01 1.099214e+00 4.631413e-02 1.652544e+00 1.720140e+00 2.088581e+00 2.186109e-01 6.982709e-01 5.158851e-01 
184 2209  3.451818511526258404e-02 0 0 1.113043e+00 2.425612e-01 1.105321e+00 1.228430e+00 1.544972e+00 1.411380e+00 2.927838e+00 1.605440e+00 1.918721e+00 -4.188509e-02 1.173222e+00 6.272341e-02 1.739672e+00 1.797776e+00 2.041202e+00 1.905726e-01 7.163645e-01 4.978652e-01 
185 2221  2.739893302056562591e-02 0 0 1.157531e+00 2.543670e-01 1.042362e+00 1.204318e+00 1.565876e+00 1.307217e+00 2.901166e+00 1.633707e+00 1.930834e+00 -5.640277e-02 1.145630e+00 5.546261e-02 1.700345e+00 1.832443e+00 2.084046e+00 2.636207e-01 6.604939e-01 4.945441e-01 
186 2233  2.567408245314738852e-02 0 0 1.146794e+00 2.537135e-01 1.008804e+00 1.249426e+00 1.589703e+00 1.336720e+00 2.893231e+00 1.608865e+00 1.954875e+00 -8.970367e-02 1.117681e+00 4.055519e-02 1.728394e+00 1.771980e+00 2.124203e+00 1.782335e-01 6.714604e-01 4.751064e-01 
187 2245  2.671511162764184794e-02 0 0 1.112643e+00 1.779313e-01 1.066151e+00 1.237993e+00 1.573781e+00 1.365158e+00 2.933509e+00 1.589670e+00 1.953943e+00 -9.043416e-02 1.119840e+00 7.070618e-02 1.663710e+00 1.774144e+00 2.102767e+00 2.148077e-01 6.540949e-01 4.636344e-01 
188 2257  2.646829439798415243e-02 0 0 1.101688e+00 2.487866e-01 1.067200e+00 1.210812e+00 1.568980e+00 1.323619e+00 2.895171e+00 1.632232e+00 1.893257e+00 -2.788605e-02 1.095951e+00 7.700938e-02 1.702487e+00 1.834231e+00 2.087206e+00 2.869428e-01 6.903963e-01 4.950548e-01 
189 2269  3.314421897352796270e-02 0 0 1.057569e+00 2.344301e-01 1.029955e+00 1.250263e+00 1.536082e+00 1.305481e+00 2.888594e+00 1.647364e+00 1.928205e+00 -2.741923e-03 1.121836e+00 9.402559e-02 1.686687e+00 1.811953e+00 2.125470e+00 2.770878e-01 7.180475e-01 5.105621e-01 
190 2281  3.260574803545446265e-02 0 0 1.093239e+00 1.795485e-01 1.096290e+00 1.229014e+00 1.552114e+00 1.333787e+00 2.940191e+00 1.594947e+00 1.945277e+00 -6.214386e-02 1.121821e+00 1.522355e-01 1.685588e+00 1.807718e+00 2.172314e+00 2.179075e-01 6.924230e-01 5.241177e-01 
191 2293  2.889174008830273574e-02 0 0 1.027909e+00 1.530435e-01 1.052675e+00 1.206706e+00 1.511731e+00 1.316242e+00 2.926995e+00 1.622392e+00 1.972852e+00 4.013810e-02 1.080436e+00 1.518011e-01 1.666858e+00 1.798983e+00 2.154900e+00 2.679750e-01 7.458824e-01 4.953317e-01 
192 2305  2.517668239694104138e-02 0 0 1.081263e+00 1.200667e-01 1.059772e+00 1.245338e+00 1.603529e+00 1.374084e+00 2.886269e+00 1.549297e+00 1.944302e+00 -9.577992e-02 1.057144e+00 1.442073e-01 1.665630e+00 1.813190e+00 2.181524e+00 2.264116e-01 7.404005e-01 4.914515e-01 
193 2317  2.516563233989594153e-02 0 0 1.065561e+00 1.257657e-01 1.029493e+00 1.176242e+00 1.590525e+00 1.388587e+00 2.920754e+00 1.605098e+00 1.964953e+00 -7.209983e-02 1.111448e+00 1.017974e-01 1.669963e+00 1.814199e+00 2.204316e+00 2.066714e-01 7.814088e-01 5.082898e-01 
194 2329  2.213368071327975056e-02 0 0 1.016126e+00 1.276353e-01 1.016122e+00 1.198272e+00 1.573449e+00 1.360595e+00 2.893090e+00 1.615329e+00 1.985512e+00 1.395260e-02 1.108903e+00 1.653786e-01 1.657151e+00 1.793077e+00 2.188646e+00 2.328618e-01 7.864406e-01 5.232269e-01 
195 2341  2.597590325213456480e-02 0 0 1.001496e+00 7.558202e-02 1.036268e+00 1.238283e+00 1.567237e+00 1.326816e+00 2.980864e+00 1.700514e+00 1.934311e+00 -6.383499e-02 1.132779e+00 1.292581e-01 1.715978e+00 1.876289e+00 2.233919e+00 1.293378e-01 7.665926e-01 4.285299e-01 
196 2353  3.258172143576313490e-02 0 0 1.003609e+00 8.611255e-02 1.002520e+00 1.148350e+00 1.590022e+00 1.347639e+00 2.969659e+00 1.660940e+00 1.977533e+00 2.918052e-02 1.079120e+00 1.635966e-01 1.711415e+00 1.832621e+00 2.238850e+00 1.995615e-01 8.343390e-01 5.272629e-01 
197 2365  2.436347153797192508e-02 0 0 1.012329e+00 9.029056e-02 1.067973e+00 1.222399e+00 1.584090e+00 1.332723e+00 2.947571e+00 1.636436e+00 1.927189e+00 2.143287e-03 1.111263e+00 1.188767e-01 1.675073e+00 1.884704e+00 2.212110e+00 2.326239e-01 7.250156e-01 4.423599e-01 
198 2377  2.273018140727275926e-02 0 0 9.458029e-01 7.819924e-02 1.061208e+00 1.213158e+00 1.518778e+00 1.341963e+00 2.877043e+00 1.648016e+00 1.925107e+00 6.359140e-02 1.125959e+00 1.470140e-01 1.648984e+00 1.830030e+00 2.137939e+00 2.375076e-01 8.365886e-01 4.323064e-01 
199 2389  1.645189270044032301e-02 0 0 9.716687e-01 9.110247e-02 1.102497e+00 1.171468e+00 1.520927e+00 1.336901e+00 2.927239e+00 1.711928e+00 1.899087e+00 -2.586832e-02 1.115279e+00 1.580937e-01 1.691554e+00 1.897494e+00 2.136974e+00 2.016536e-01 8.043315e-01 3.818831e-01 
200 2401  2.270305468389873307e-02 0 0 9.546894e-01 3.856290e-02 1.137796e+00 1.239032e+00 1.474779e+00 1.308143e+00 2.927109e+00 1.637708e+00 1.982292e+00 5.756419e-02 1.105047e+00 1.577681e-01 1.649252e+00 1.870519e+00 2.164776e+00 1.987444e-01 8.098470e-01 4.047347e-01 
201 2413  2.276410708193311525e-02 0 0 9.566654e-01 8.221211e-02 1.162810e+00 1.255239e+00 1.470350e+00 1.356729e+00 2.882288e+00 1.667934e+00 1.906585e+00 3.139799e-02 1.187313e+00 1.001347e-01 1.686290e+00 1.907884e+00 2.061852e+00 1.777775e-01 8.209918e-01 3.747102e-01 
202 2425  2.146402669041454561e-02 0 0 9.575995e-01 7.163366e-02 1.147306e+00 1.239219e+00 1.465244e+00 1.339703e+00 2.936869e+00 1.648660e+00 1.920324e+00 1.100014e-01 1.136553e+00 9.079899e-02 1.655341e+00 1.876441e+00 2.076657e+00 1.969980e-01 8.058521e-01 2.998386e-01 
203 2437  2.087720036735029455e-02 0 0 9.744246e-01 5.233001e-02 1.109186e+00 1.234816e+00 1.479213e+00 1.357132e+00 2.948490e+00 1.633310e+00 1.901687e+00 1.303153e-01 1.167679e+00 1.971112e-01 1.679871e+00 1.839390e+00 2.090751e+00 1.933722e-01 8.759300e-01 3.168330e-01 
204 2449  2.094741558880031801e-02 0 0 9.757403e-01 4.569619e-02 1.170380e+00 1.184708e+00 1.545324e+00 1.376180e+00 2.931595e+00 1.635730e+00 1.944844e+00 3.034537e-02 1.132681e+00 1.777069e-01 1.685545e+00 1.895143e+00 2.128845e+00 2.124650e-01 8.550969e-01 3.455032e-01 
205 2461  2.974020534597049403e-02 0 0 9.707431e-01 1.676016e-01 1.135875e+00 1.216921e+00 1.489858e+00 1.355747e+00 2.885677e+00 1.620394e+00 1.855128e+00 2.083407e-01 1.138402e+00 1.817835e-01 1.669130e+00 1.804242e+00 1.961761e+00 3.110420e-01 8.569075e-01 3.733488e-01 
206 2473  2.062907300851478040e-02 0 0 8.699445e-01 3.280873e-02 1.162207e+00 1.237357e+00 1.497237e+00 1.357190e+00 2.893631e+00 1.614075e+00 1.933428e+00 1.625656e-01 1.115276e+00 2.027442e-01 1.676695e+00 1.836392e+00 2.100840e+00 2.058958e-01 9.306018e-01 3.435417e-01 
207 2485  2.382906233624822179e-02 0 0 8.683718e-01 5.855412e-02 1.114276e+00 1.199459e+00 1.502111e+00 1.371369e+00 2.958435e+00 1.651806e+00 1.952907e+00 1.533919e-01 1.134905e+00 1.842034e-01 1.679943e+00 1.802048e+00 2.143027e+00 1.606302e-01 8.626676e-01 3.453990e-01 
208 2497  2.118281692366006871e-02 0 0 9.267277e-01 1.982670e-01 1.136376e+00 1.202948e+00 1.476526e+00 1.323023e+00 2.848232e+00 1.724671e+00 1.872877e+00 1.844406e-01 1.175174e+00 2.041018e-01 1.706741e+00 1.864805e+00 2.013193e+00 2.448431e-01 8.402847e-01 3.367660e-01 
209 2509  1.835165103357483743e-02 0 0 9.193566e-01 1.545046e-01 1.142267e+00 1.219804e+00 1.456368e+00 1.326661e+00 2.839448e+00 1.693246e+00 1.893978e+00 1.636628e-01 1.135646e+00 2.013359e-01 1.676858e+00 1.869079e+00 2.052353e+00 2.319961e-01 8.667899e-01 3.086267e-01 
210 2521  1.823284712091220380e-02 0 0 9.314281e-01 9.962122e-02 1.104174e+00 1.201350e+00 1.546153e+00 1.391250e+00 2.949347e+00 1.686545e+00 1.897287e+00 9.134606e-02 1.185392e+00 1.560823e-01 1.694338e+00 1.877236e+00 2.133539e+00 1.097475e-01 7.864760e-01 2.747759e-01 
211 2533  1.690435306722037553e-02 0 0 8.780704e-01 7.367263e-02 1.098902e+00 1.289428e+00 1.498266e+00 1.359610e+00 2.931279e+00 1.708838e+00 1.933229e+00 9.990132e-02 1.174970e+00 1.391117e-01 1.697194e+00 1.863074e+00 2.150962e+00 1.004608e-01 7.811214e-01 2.911096e-01 
212 2545  1.623788923119172042e-02 0 0 9.081328e-01 1.037660e-01 1.101313e+00 1.210292e+00 1.481184e+00 1.359385e+00 2.949525e+00 1.691748e+00 1.928394e+00 1.708701e-01 1.129541e+00 1.971604e-01 1.691802e+00 1.817916e+00 2.101562e+00 1.578036e-01 8.327660e-01 3.263301e-01 
213 2557  1.946143052419873828e-02 0 0 8.855868e-01 7.956615e-02 1.094148e+00 1.222312e+00 1.489125e+00 1.344846e+00 2.941260e+00 1.710193e+00 1.950309e+00 1.852945e-01 1.125947e+00 2.104752e-01 1.707508e+00 1.829186e+00 2.114591e+00 1.537650e-01 8.432988e-01 3.528138e-01 
214 2569  1.282290269849685992e-02 0 0 9.187592e-01 4.595598e-02 1.098917e+00 1.218930e+00 1.515826e+00 1.365103e+00 3.013336e+00 1.680806e+00 1.955920e+00 7.543947e-02 1.143574e+00 2.103465e-01 1.686619e+00 1.823336e+00 2.193782e+00 1.077604e-01 8.074133e-01 3.257269e-01 
215 2581  1.757468056061744707e-02 0 0 9.082218e-01 7.736921e-02 1.121867e+00 1.261713e+00 1.531782e+00 1.358691e+00 2.961418e+00 1.639170e+00 1.941462e+00 7.126789e-02 1.159284e+00 2.187971e-01 1.712947e+00 1.818461e+00 2.206616e+00 8.993326e-02 7.984828e-01 3.805787e-01 
216 2593  1.602041641849605985e-02 0 0 9.346805e-01 1.609096e-01 1.062689e+00 1.241400e+00 1.508368e+00 1.293137e+00 2.925397e+00 1.711226e+00 1.891472e+00 6.074550e-02 1.139194e+00 2.233250e-01 1.721690e+00 1.868337e+00 2.164835e+00 1.458477e-01 7.370944e-01 3.822906e-01 
217 2605  1.609404482194921188e-02 0 0 9.094140e-01 5.393919e-02 1.061944e+00 1.280755e+00 1.511081e+00 1.269667e+00 2.978578e+00 1.671637e+00 1.920376e+00 5.089542e-02 1.104079e+00 2.559803e-01 1.702410e+00 1.837811e+00 2.244792e+00 9.903991e-02 7.853720e-01 3.697418e-01 
218 2617  1.635480377563091475e-02 0 0 9.226098e-01 9.008724e-02 1.098144e+00 1.270417e+00 1.514074e+00 1.329916e+00 2.960914e+00 1.658344e+00 1.911948e+00 7.159807e-02 1.155769e+00 2.085274e-01 1.713587e+00 1.814343e+00 2.195871e+00 8.014464e-02 8.172700e-01 3.497760e-01 
219 2629  1.335707859211451506e-02 0 0 8.983216e-01 1.176120e-01 1.109312e+00 1.248147e+00 1.490282e+00 1.272610e+00 2.918586e+00 1.692863e+00 1.897697e+00 6.140647e-02 1.137107e+00 2.452986e-01 1.707645e+00 1.863886e+00 2.174615e+00 1.129027e-01 7.647990e-01 3.615257e-01 
220 2641  1.440413576000498450e-02 0 0 9.098542e-01 9.155240e-02 1.117084e+00 1.275591e+00 1.489336e+00 1.286534e+00 2.927263e+00 1.687305e+00 1.906914e+00 7.849219e-02 1.149907e+00 1.932586e-01 1.703660e+00 1.863840e+00 2.145438e+00 1.527014e-01 7.874094e-01 3.611134e-01 
221 2653  1.183080309908507433e-02 0 0 8.723253e-01 6.431398e-02 1.094780e+00 1.291742e+00 1.469663e+00 1.308492e+00 2.985334e+00 1.657429e+00 1.918796e+00 1.306603e-01 1.175429e+00 2.828686e-01 1.701532e+00 1.802202e+00 2.211868e+00 5.174548e-02 7.909628e-01 3.236228e-01 
222 2665  1.278889940976859173e-02 0 0 9.083792e-01 4.701680e-02 1.156959e+00 1.299933e+00 1.440130e+00 1.279321e+00 2.992116e+00 1.703670e+00 1.934153e+00 7.202830e-02 1.147398e+00 2.056145e-01 1.703985e+00 1.867617e+00 2.172225e+00 1.005086e-01 8.049125e-01 2.855424e-01 
223 2677  1.647030926458468644e-02 0 0 8.801443e-01 5.271603e-02 1.150151e+00 1.311379e+00 1.443350e+00 1.317185e+00 2.958892e+00 1.667917e+00 1.927821e+00 9.651310e-02 1.129129e+00 2.318231e-01 1.697587e+00 1.865209e+00 2.196081e+00 9.198557e-02 8.108308e-01 3.369628e-01 
224 2689  1.226278119820577682e-02 0 0 8.851795e-01 5.008320e-02 1.117814e+00 1.265516e+00 1.500612e+00 1.354444e+00 2.983321e+00 1.661320e+00 1.942551e+00 6.363871e-02 1.126685e+00 2.542711e-01 1.676637e+00 1.802627e+00 2.205638e+00 1.034427e-01 7.877083e-01 3.390215e-01 
225 2701  1.189093606041461033e-02 0 0 8.630903e-01 1.801364e-02 1.138707e+00 1.259889e+00 1.461551e+00 1.345887e+00 3.004267e+00 1.653258e+00 1.940267e+00 1.071707e-01 1.148793e+00 2.596592e-01 1.684971e+00 1.830202e+00 2.228045e+00 7.796138e-02 8.480467e-01 2.813918e-01 
226 2713  1.202849936093544625e-02 0 0 8.353605e-01 2.525287e-02 1.130862e+00 1.268286e+00 1.482633e+00 1.372551e+00 3.030126e+00 1.651036e+00 1.948491e+00 1.075554e-01 1.164358e+00 2.555281e-01 1.669094e+00 1.791237e+00 2.283053e+00 5.898574e-02 8.481067e-01 2.680359e-01 
227 2725  1.470244388695319052e-02 0 0 8.875793e-01 1.998746e-02 1.109556e+00 1.275777e+00 1.488962e+00 1.338189e+00 3.026963e+00 1.656204e+00 1.955970e+00 9.019582e-02 1.111605e+00 2.604036e-01 1.664404e+00 1.804761e+00 2.256056e+00 9.415883e-02 8.068268e-01 3.017344e-01 
228 2737  1.209208695838868974e-02 0 0 8.472613e-01 6.542038e-02 1.075136e+00 1.260165e+00 1.463382e+00 1.314839e+00 2.990208e+00 1.653441e+00 1.938118e+00 1.761612e-01 1.132246e+00 3.108210e-01 1.689321e+00 1.787621e+00 2.249472e+00 8.578482e-02 8.325991e-01 3.560953e-01 
229 2749  1.135387754377360607e-02 0 0 8.474879e-01 4.892900e-02 1.112112e+00 1.277947e+00 1.456486e+00 1.345243e+00 3.000243e+00 1.671105e+00 1.942920e+00 1.768895e-01 1.122851e+00 2.900373e-01 1.693392e+00 1.818014e+00 2.214173e+00 9.647030e-02 8.488492e-01 2.816871e-01 
230 2761  1.060838767557162332e-02 0 0 8.335013e-01 4.008277e-03 1.125245e+00 1.274650e+00 1.459334e+00 1.317549e+00 3.005721e+00 1.671724e+00 1.935349e+00 1.431618e-01 1.099591e+00 2.956794e-01 1.697407e+00 1.821571e+00 2.229752e+00 9.964262e-02 8.769756e-01 3.201045e-01 
231 2773  1.006560739482599207e-02 0 0 8.410553e-01 9.818306e-03 1.098627e+00 1.281954e+00 1.482621e+00 1.318591e+00 3.008701e+00 1.638186e+00 1.953037e+00 1.937113e-01 1.100156e+00 3.282563e-01 1.689205e+00 1.787537e+00 2.235261e+00 8.100344e-02 8.592712e-01 3.001674e-01 
