%  columns="iteration, evaluation, sigma, axis ratio, bestever, best, median, worst fitness function value, further objective values of best" (startseed=212695, 2017/09/27 23:0:50.97)
1 13 3.681300e-01 1.046506e+00  7.956820941580553530e+00  1.078422186226501012e+01  1.689107523753751039e+01  2.615665401572276494e+01
2 25 3.430158e-01 1.061042e+00  6.475597985638292364e+00  6.475597985638292364e+00  1.458809897884628271e+01  3.904914785520368525e+01
3 37 3.285387e-01 1.094772e+00  5.497960393137312884e+00  5.497960393137312884e+00  1.152498724517661266e+01  3.889777744897217815e+01
4 49 3.254141e-01 1.106931e+00  3.006442553492890468e+00  3.006442553492890468e+00  1.114073347025513705e+01  3.483786217165211951e+01
5 61 3.190741e-01 1.135041e+00  2.460397507888319790e+00  2.460397507888319790e+00  1.092606926234859799e+01  3.053578556135228794e+01
6 73 3.073340e-01 1.153496e+00  2.460397507888319790e+00  3.877906017194592714e+00  1.173173219269765255e+01  2.552895324345257677e+01
7 85 2.953808e-01 1.166661e+00  2.273078468213238335e+00  2.273078468213238335e+00  8.907081404733197871e+00  3.070280888546632525e+01
8 97 2.910296e-01 1.195555e+00  2.273078468213238335e+00  3.140230376131630585e+00  9.456110061312759996e+00  2.432796396121563021e+01
9 109 2.900880e-01 1.222154e+00  2.273078468213238335e+00  4.396963188685465873e+00  1.100967226605742688e+01  1.621353024497106432e+01
10 121 2.952281e-01 1.262968e+00  2.273078468213238335e+00  4.154730916435881660e+00  9.018612808150107796e+00  3.704621151152744574e+01
11 133 2.880186e-01 1.277457e+00  1.470321867845591601e+00  1.470321867845591601e+00  9.505912303471276914e+00  2.516917091663015782e+01
12 145 2.747364e-01 1.288118e+00  1.470321867845591601e+00  4.459890022694556144e+00  6.719848491545826974e+00  1.770516722098359352e+01
13 157 2.658049e-01 1.299107e+00  1.470321867845591601e+00  1.921128320314234861e+00  7.696879138630677630e+00  1.503097496231955077e+01
14 169 2.664885e-01 1.310351e+00  1.470321867845591601e+00  3.937152633747352581e+00  9.346294104312409701e+00  1.949572304815188062e+01
15 181 2.566910e-01 1.321711e+00  1.470321867845591601e+00  4.025716823658004095e+00  1.719583717486967345e+01  2.387571851532867484e+01
16 193 2.526152e-01 1.321258e+00  1.470321867845591601e+00  2.470575756727692696e+00  1.011508510697932550e+01  2.893631899636420712e+01
17 205 2.378596e-01 1.326313e+00  1.470321867845591601e+00  3.012658405674905282e+00  8.014236842115575854e+00  1.623830120648932507e+01
18 217 2.292428e-01 1.325696e+00  1.470321867845591601e+00  3.484772969408759913e+00  7.651240758231363515e+00  2.068711772163116080e+01
19 229 2.191541e-01 1.331310e+00  1.470321867845591601e+00  2.936056823313262676e+00  4.332528277160891506e+00  8.015105419075901239e+00
20 241 2.127213e-01 1.341432e+00  1.470321867845591601e+00  1.906947744692720770e+00  3.301806025903977648e+00  9.651520205708456146e+00
21 253 2.034502e-01 1.345433e+00  1.016751521134696246e+00  1.016751521134696246e+00  4.086592720215487695e+00  9.981595415760914136e+00
22 265 1.982811e-01 1.348233e+00  1.016751521134696246e+00  1.941707279508399608e+00  6.023741823014054475e+00  1.275863523305394942e+01
23 277 1.931671e-01 1.366126e+00  1.016751521134696246e+00  1.240969513952987047e+00  3.226884620124319092e+00  1.034079327478147015e+01
24 289 1.897162e-01 1.380156e+00  9.903769970149920443e-01  9.903769970149920443e-01  3.965071025635332980e+00  5.383971064247051075e+00
25 301 1.912596e-01 1.397106e+00  9.903769970149920443e-01  1.416557044678239397e+00  3.620448636593116998e+00  1.589573363951298290e+01
26 313 1.889627e-01 1.412304e+00  9.903769970149920443e-01  1.370340672115803793e+00  2.865801347735256854e+00  1.158432930266408256e+01
27 325 1.862555e-01 1.418519e+00  9.903769970149920443e-01  1.893343104091628648e+00  5.235291911189585257e+00  1.960882345575549834e+01
28 337 1.817904e-01 1.421234e+00  9.903769970149920443e-01  1.664026442365646119e+00  3.475181022198576386e+00  9.374533529452511615e+00
29 349 1.756754e-01 1.423984e+00  9.903769970149920443e-01  1.910664668722995341e+00  4.958698626433507783e+00  1.457544464452436017e+01
30 361 1.690671e-01 1.435336e+00  9.903769970149920443e-01  2.092559555215999012e+00  3.827964694039335036e+00  7.589173616012707235e+00
31 373 1.642500e-01 1.438097e+00  9.903769970149920443e-01  2.890983816212860713e+00  6.612238632030073227e+00  1.264980766080094554e+01
32 385 1.572393e-01 1.448249e+00  9.903769970149920443e-01  1.610012856034911399e+00  4.018397607639045077e+00  1.166572264295566619e+01
33 397 1.568018e-01 1.458205e+00  9.903769970149920443e-01  1.453497311338160403e+00  3.790934720451954565e+00  1.384370786774719519e+01
34 409 1.586591e-01 1.462716e+00  7.467947486084266506e-01  7.467947486084266506e-01  3.047122162362703612e+00  8.273812975548340276e+00
35 421 1.596971e-01 1.468096e+00  7.467947486084266506e-01  9.416971146269143000e-01  1.857601010132942321e+00  5.417884319677038540e+00
36 433 1.610267e-01 1.484608e+00  6.992781992626240228e-01  6.992781992626240228e-01  2.543565583395262841e+00  6.672217311235399073e+00
37 445 1.515481e-01 1.502613e+00  6.992781992626240228e-01  9.142515856440190936e-01  1.761232598918751169e+00  4.098897656578825988e+00
38 457 1.461037e-01 1.502422e+00  6.502530716059650162e-01  6.502530716059650162e-01  1.797191088085139832e+00  1.836232608635721419e+01
39 469 1.428351e-01 1.504353e+00  6.502530716059650162e-01  8.084254148773429849e-01  1.923174158835986525e+00  4.323964698812472029e+00
40 481 1.423936e-01 1.512924e+00  6.502530716059650162e-01  7.779533643212309668e-01  1.736435232478289015e+00  8.240609419029581773e+00
41 493 1.340664e-01 1.512681e+00  5.928741711714923257e-01  5.928741711714923257e-01  1.880832296602034992e+00  4.483084217450854503e+00
42 505 1.311979e-01 1.515621e+00  3.967044432202735393e-01  3.967044432202735393e-01  1.395245590235568489e+00  7.442112981010643225e+00
43 517 1.294758e-01 1.515719e+00  3.967044432202735393e-01  9.053484609638930980e-01  1.534017976199201438e+00  3.070576746512513555e+00
44 529 1.243256e-01 1.520051e+00  3.967044432202735393e-01  5.680968102950891829e-01  1.257893576347431042e+00  3.138125694597266868e+00
45 541 1.255969e-01 1.522756e+00  3.311142139114004457e-01  3.311142139114004457e-01  1.008277330895677171e+00  3.820488255842091174e+00
46 553 1.258307e-01 1.526295e+00  3.298131811908331379e-01  3.298131811908331379e-01  1.329260444432240007e+00  2.115608524224476206e+00
47 565 1.314736e-01 1.589171e+00  3.298131811908331379e-01  4.049651413424270596e-01  1.503451625534953262e+00  4.438820399696941976e+00
48 577 1.395214e-01 1.627993e+00  3.298131811908331379e-01  5.496400871115744158e-01  9.932741561173806799e-01  3.643013453812760982e+00
49 589 1.552744e-01 1.659721e+00  3.298131811908331379e-01  4.354631482998989056e-01  1.449970068185284067e+00  4.645824548576287683e+00
50 601 1.704195e-01 1.681487e+00  3.221112556887865130e-01  3.221112556887865130e-01  2.038099157046778132e+00  6.174685178384176965e+00
51 613 1.777395e-01 1.691570e+00  3.221112556887865130e-01  6.654056405195732937e-01  2.680350744050420619e+00  6.258673412334570862e+00
52 625 1.851404e-01 1.710335e+00  3.221112556887865130e-01  6.513406680365076973e-01  2.485601456773241846e+00  5.653278919564273863e+00
53 637 1.929170e-01 1.720340e+00  3.221112556887865130e-01  4.868205307022097639e-01  2.082013101612303352e+00  8.851576753676440035e+00
54 649 1.906704e-01 1.743730e+00  3.221112556887865130e-01  4.500259068564628762e-01  1.904432698465327700e+00  9.024115094266283776e+00
55 661 1.912505e-01 1.753450e+00  3.221112556887865130e-01  7.732826510912425011e-01  2.915419062144729345e+00  1.631570763767157928e+01
56 673 1.821491e-01 1.766318e+00  3.221112556887865130e-01  7.068359217862389965e-01  1.884693223557742936e+00  1.012794436843317136e+01
57 685 1.733266e-01 1.780133e+00  3.221112556887865130e-01  7.189439347962878202e-01  1.948947938361042187e+00  1.046280764668519048e+01
58 697 1.710268e-01 1.802852e+00  3.221112556887865130e-01  9.880956940132308297e-01  2.272864271148184567e+00  7.743121579349744543e+00
59 709 1.682224e-01 1.816090e+00  3.020758755271261142e-01  3.020758755271261142e-01  2.571479822492949374e+00  1.693238255204499509e+01
60 721 1.693962e-01 1.817289e+00  3.020758755271261142e-01  5.079304319774641252e-01  1.199976738382769526e+00  2.242935518999925382e+00
61 733 1.701074e-01 1.827748e+00  3.020758755271261142e-01  5.069513188428029782e-01  1.122551319697127070e+00  3.514529672183560827e+00
62 745 1.764331e-01 1.844682e+00  3.020758755271261142e-01  3.132704942087550792e-01  8.405910555139537443e-01  1.481293031529998139e+00
63 757 1.785565e-01 1.860899e+00  3.020758755271261142e-01  7.040251266752751702e-01  2.570313050096189489e+00  5.305330934367186835e+00
64 769 1.765013e-01 1.870899e+00  3.020758755271261142e-01  3.891252961433657731e-01  1.776108786916329674e+00  7.975537061362365066e+00
65 781 1.784339e-01 1.888532e+00  3.020758755271261142e-01  7.117225551377365234e-01  2.128264304167586385e+00  1.083162774276465257e+01
66 793 1.757056e-01 1.900529e+00  3.020758755271261142e-01  4.559145991889120286e-01  1.702374980908731628e+00  6.964531228476047886e+00
67 805 1.739052e-01 1.935211e+00  3.020758755271261142e-01  6.408239539241036287e-01  1.802722419310376800e+00  6.269630986267833883e+00
68 817 1.699084e-01 1.946518e+00  3.020758755271261142e-01  4.013753092512690190e-01  1.976245194514098191e+00  6.507157398740622156e+00
69 829 1.628346e-01 1.950358e+00  3.020758755271261142e-01  3.882660561583510250e-01  1.380270763941624512e+00  5.085510844107405504e+00
70 841 1.565298e-01 1.977680e+00  3.020758755271261142e-01  6.473454388031427698e-01  1.438992150089783983e+00  3.234695045239682099e+00
71 853 1.543064e-01 1.981200e+00  3.020758755271261142e-01  6.855949360693273098e-01  1.473796349672944483e+00  5.772457284223328600e+00
72 865 1.570920e-01 1.983340e+00  3.020758755271261142e-01  6.749639003268240733e-01  1.400102506790776857e+00  2.573381497260350592e+00
73 877 1.581684e-01 1.982665e+00  3.020758755271261142e-01  7.341647914815138121e-01  2.121903907287591817e+00  3.872298225311938236e+00
74 889 1.509138e-01 1.984998e+00  3.020758755271261142e-01  5.862011052895734764e-01  2.068005740828321670e+00  7.072700959729689707e+00
75 901 1.428783e-01 1.991820e+00  3.020758755271261142e-01  4.957621537676276668e-01  1.165375972512558089e+00  3.532858201737918424e+00
76 913 1.339966e-01 1.993000e+00  3.020758755271261142e-01  5.860034181950212195e-01  1.089663692916151394e+00  2.508022076397476763e+00
77 925 1.278857e-01 1.993720e+00  3.020758755271261142e-01  3.262079328802327538e-01  9.258428548122783486e-01  3.341351538666675225e+00
78 937 1.235468e-01 1.993614e+00  3.020758755271261142e-01  3.271813508541250859e-01  1.611752752848094605e+00  3.889303433525501674e+00
79 949 1.202416e-01 2.007311e+00  3.020758755271261142e-01  4.244839481982320417e-01  7.998844283799984023e-01  2.779514406734967302e+00
80 961 1.205439e-01 2.037577e+00  2.529805980417630940e-01  2.529805980417630940e-01  1.161531385911861669e+00  2.462349431736219785e+00
81 973 1.173814e-01 2.037879e+00  2.529805980417630940e-01  3.555995357230756770e-01  8.657650898454495314e-01  3.424797709241771404e+00
82 985 1.162955e-01 2.035318e+00  2.529805980417630940e-01  3.018838912709769784e-01  9.595748540080999422e-01  2.124256816798619774e+00
83 997 1.157669e-01 2.048655e+00  2.529805980417630940e-01  2.977822199230785172e-01  4.598480623882212903e-01  1.709109593283987927e+00
84 1009 1.144113e-01 2.051191e+00  2.448599065970743227e-01  2.448599065970743227e-01  8.262484337843268856e-01  3.848876683682236344e+00
85 1021 1.159889e-01 2.053680e+00  2.351106896162675486e-01  2.351106896162675486e-01  7.100823206572599577e-01  2.724167729037866081e+00
86 1033 1.165740e-01 2.070344e+00  1.678999519739569068e-01  1.678999519739569068e-01  5.847579187281637392e-01  1.143827354743869096e+00
87 1045 1.179183e-01 2.114571e+00  1.678999519739569068e-01  3.152146302191268235e-01  9.452317267085208474e-01  4.268603638662434641e+00
88 1057 1.220202e-01 2.156837e+00  1.472104365834258077e-01  1.472104365834258077e-01  6.217129826459885100e-01  2.099749230150829593e+00
89 1069 1.220290e-01 2.178239e+00  1.472104365834258077e-01  1.491694388365354118e-01  4.188244002265049115e-01  1.754243021051037799e+00
90 1081 1.228542e-01 2.213045e+00  1.472104365834258077e-01  1.806878804384537129e-01  6.045903286316223202e-01  3.554547439799902175e+00
91 1093 1.241987e-01 2.266308e+00  1.472104365834258077e-01  2.571151082116234221e-01  7.223252729959441787e-01  2.064722406946116084e+00
92 1105 1.249997e-01 2.303675e+00  7.244729831610935422e-02  7.244729831610935422e-02  6.924877184827045173e-01  2.151637219430440062e+00
93 1117 1.246271e-01 2.328733e+00  7.244729831610935422e-02  2.522742569383373823e-01  7.552716180176251015e-01  1.416930644148557183e+00
94 1129 1.242149e-01 2.344266e+00  7.244729831610935422e-02  1.608599257961636775e-01  8.532887551248716784e-01  3.273403686222805309e+00
95 1141 1.259876e-01 2.364699e+00  7.244729831610935422e-02  1.625252945997670007e-01  5.937272382040599261e-01  2.465394376150290778e+00
96 1153 1.293571e-01 2.419346e+00  7.244729831610935422e-02  2.058778281970639057e-01  8.911771426460078915e-01  1.674396965228321044e+00
97 1165 1.262385e-01 2.458342e+00  7.244729831610935422e-02  1.533759974155825545e-01  5.596231661978289251e-01  1.416989985775600758e+00
98 1177 1.225309e-01 2.473422e+00  7.244729831610935422e-02  1.445371717006024292e-01  7.765280109085606064e-01  1.495004648830393634e+00
99 1189 1.181344e-01 2.473720e+00  7.244729831610935422e-02  1.795751830146986028e-01  7.191690003364969996e-01  3.032285424668205387e+00
100 1201 1.126683e-01 2.496660e+00  7.244729831610935422e-02  1.409315907756731878e-01  6.116163926159059461e-01  1.492794561190546210e+00
101 1213 1.067467e-01 2.518619e+00  7.244729831610935422e-02  1.823977978070518147e-01  5.569033251526580575e-01  1.593292387117414499e+00
102 1225 1.005359e-01 2.531392e+00  7.244729831610935422e-02  1.911286884889079885e-01  3.268452198513326357e-01  1.022336986083955956e+00
103 1237 1.010369e-01 2.530646e+00  7.244729831610935422e-02  2.696040963301939430e-01  3.871705247035607256e-01  8.980397782766086356e-01
104 1249 1.002172e-01 2.539120e+00  7.244729831610935422e-02  2.246337759841737780e-01  4.811309934388038334e-01  1.016466213591996626e+00
105 1261 9.832656e-02 2.614648e+00  7.244729831610935422e-02  1.422325529571131231e-01  3.328532902616865297e-01  1.345375978897929592e+00
106 1273 1.000042e-01 2.809188e+00  7.244729831610935422e-02  2.101188651361581283e-01  3.550621391547825745e-01  1.439892444150027151e+00
107 1285 9.962576e-02 2.839224e+00  7.244729831610935422e-02  3.561069406249826041e-01  6.615164209537685025e-01  1.557802471889061957e+00
108 1297 1.009168e-01 2.907902e+00  5.072830042988487470e-02  5.072830042988487470e-02  3.478318440482749407e-01  2.009193202706195613e+00
109 1309 1.026261e-01 2.936909e+00  5.072830042988487470e-02  1.483985988804393530e-01  6.202575238238162703e-01  1.207188381500461594e+00
110 1321 1.080852e-01 2.946094e+00  5.072830042988487470e-02  8.916105537187257735e-02  3.884854210769049243e-01  1.695492162031242200e+00
111 1333 1.109052e-01 2.965974e+00  5.072830042988487470e-02  1.130994498784026192e-01  4.110890739753659817e-01  1.082460926626120479e+00
112 1345 1.140140e-01 2.985638e+00  5.072830042988487470e-02  1.049857639307034407e-01  3.144835479950439661e-01  1.410988498265140390e+00
113 1357 1.146612e-01 3.004823e+00  5.072830042988487470e-02  1.335367805859437595e-01  5.439573518714722056e-01  1.700034806431395706e+00
114 1369 1.146149e-01 3.016250e+00  5.072830042988487470e-02  5.220991116284290356e-02  5.821206396167156738e-01  2.639344842384645506e+00
115 1381 1.124481e-01 3.025391e+00  5.072830042988487470e-02  9.600675606662942285e-02  2.623557143020063820e-01  6.476990034924590134e-01
116 1393 1.145383e-01 3.104701e+00  5.072830042988487470e-02  1.634895216585068034e-01  4.114447986098376253e-01  1.474700195626085453e+00
117 1405 1.188620e-01 3.190555e+00  5.072830042988487470e-02  1.151929346590333247e-01  4.989648269866007180e-01  1.538202552213322472e+00
118 1417 1.215486e-01 3.234453e+00  5.072830042988487470e-02  1.120834370297022764e-01  5.092674779705721466e-01  1.438496852328740916e+00
119 1429 1.212701e-01 3.253604e+00  5.072830042988487470e-02  1.696169332922981554e-01  3.343077886264199661e-01  1.153659943231652774e+00
120 1441 1.212274e-01 3.252403e+00  5.072830042988487470e-02  1.639019911804128204e-01  4.984401346286450596e-01  2.275004025016599485e+00
121 1453 1.234710e-01 3.266333e+00  5.072830042988487470e-02  1.306732118412187449e-01  6.869716424945127020e-01  1.792592327878157477e+00
122 1465 1.191362e-01 3.270937e+00  5.072830042988487470e-02  1.130103388321919283e-01  7.005400970579367392e-01  3.101597091221483637e+00
123 1477 1.131865e-01 3.308002e+00  5.072830042988487470e-02  1.073846941815511935e-01  4.511474148928531491e-01  1.874579128786819870e+00
124 1489 1.092805e-01 3.314396e+00  5.072830042988487470e-02  1.350455131019343558e-01  3.307465753792740992e-01  1.050235623284058617e+00
125 1501 1.060855e-01 3.338399e+00  4.999768580198835077e-02  4.999768580198835077e-02  3.188214485968818845e-01  9.227073274276695880e-01
126 1513 1.032613e-01 3.392001e+00  4.999768580198835077e-02  9.739538846917639159e-02  4.278525682568276034e-01  1.205223219434647497e+00
127 1525 9.865336e-02 3.418816e+00  4.999768580198835077e-02  1.507139831369532224e-01  3.680559808332059535e-01  1.068318062587116257e+00
128 1537 9.347578e-02 3.425441e+00  4.999768580198835077e-02  1.761895198851404221e-01  3.836400825133401415e-01  9.698647499704516894e-01
129 1549 8.794257e-02 3.428973e+00  4.834307322295734732e-02  4.834307322295734732e-02  3.401000274239890375e-01  1.062506343389422625e+00
130 1561 8.604303e-02 3.436663e+00  4.834307322295734732e-02  8.024253429463755471e-02  2.785367908734240894e-01  1.094477056450981811e+00
131 1573 8.225210e-02 3.437816e+00  4.834307322295734732e-02  7.792718096580458775e-02  1.932663556186282328e-01  6.172547451369807536e-01
132 1585 8.156870e-02 3.445992e+00  4.834307322295734732e-02  5.896410007875112907e-02  2.320360330704978047e-01  6.800253315991829917e-01
133 1597 7.903121e-02 3.440349e+00  4.834307322295734732e-02  6.336178334135936230e-02  2.208066585008097993e-01  4.927517012083963976e-01
134 1609 7.460038e-02 3.443377e+00  4.834307322295734732e-02  7.534911466842786343e-02  2.053256702771297515e-01  1.024398094579682894e+00
135 1621 7.589470e-02 3.505493e+00  4.834307322295734732e-02  8.965470053828521191e-02  2.156697173606171303e-01  4.617762714844274585e-01
136 1633 7.665179e-02 3.521129e+00  4.834307322295734732e-02  8.198967258060448071e-02  1.548595992694484502e-01  6.557558355244402781e-01
137 1645 7.758742e-02 3.530665e+00  4.834307322295734732e-02  8.731796840615446698e-02  2.130120130199851802e-01  1.307724751578109856e+00
138 1657 7.897297e-02 3.534170e+00  4.834307322295734732e-02  1.128158621141091000e-01  2.983017489491300855e-01  6.344174010388911045e-01
139 1669 7.768904e-02 3.540827e+00  4.834307322295734732e-02  8.253875466416422946e-02  2.505052623887120133e-01  8.160780730663549365e-01
140 1681 7.868903e-02 3.557612e+00  4.834307322295734732e-02  8.308817126902998118e-02  4.219218446505842435e-01  1.469175213852915274e+00
141 1693 7.515967e-02 3.565201e+00  4.834307322295734732e-02  1.127294516679182013e-01  3.150998221118564979e-01  9.483456424105315419e-01
142 1705 7.354312e-02 3.587759e+00  4.834307322295734732e-02  1.023549365831972618e-01  1.844124597202861926e-01  1.086176662831791928e+00
143 1717 6.996135e-02 3.603313e+00  4.834307322295734732e-02  7.995354990785741300e-02  2.027503953509043333e-01  4.402630433723117021e-01
144 1729 6.734192e-02 3.607022e+00  4.834307322295734732e-02  9.353648753300974894e-02  1.838775250190031185e-01  5.210959117711370103e-01
145 1741 6.810602e-02 3.640381e+00  4.834307322295734732e-02  1.025957587238606750e-01  1.624635141173634834e-01  5.500301519470768286e-01
146 1753 7.033363e-02 3.675015e+00  4.834307322295734732e-02  9.735627916670432092e-02  2.689537610280144930e-01  4.877648496010618673e-01
147 1765 6.984755e-02 3.716582e+00  4.834307322295734732e-02  1.057814562525734303e-01  1.938055120380796081e-01  6.129722274822561046e-01
148 1777 7.315470e-02 3.710187e+00  4.834307322295734732e-02  1.137306093561980674e-01  1.767703273419009014e-01  5.875059521562900899e-01
149 1789 7.516612e-02 3.716735e+00  4.834307322295734732e-02  7.350246016976866303e-02  2.380430816411032158e-01  5.514319702650697375e-01
150 1801 7.398218e-02 3.702531e+00  4.834307322295734732e-02  6.030303148376610356e-02  1.336372994015219418e-01  2.609457308319869107e-01
151 1813 7.141384e-02 3.700177e+00  4.834307322295734732e-02  6.021804001060957617e-02  2.336704710462009782e-01  5.248192978886404569e-01
152 1825 6.802477e-02 3.722163e+00  4.834307322295734732e-02  6.634000943810502982e-02  2.239671417073390569e-01  5.757150403089773549e-01
153 1837 6.567926e-02 3.728737e+00  4.834307322295734732e-02  6.114714826042487450e-02  1.406328147614083202e-01  3.357772938300013776e-01
154 1849 6.363683e-02 3.732751e+00  4.834307322295734732e-02  7.918458489912433285e-02  2.172522928971766798e-01  3.710630927632663778e-01
155 1861 6.483727e-02 3.725945e+00  4.834307322295734732e-02  7.425117262774706683e-02  1.585042902149619848e-01  3.609350422368929334e-01
156 1873 6.620145e-02 3.726011e+00  4.834307322295734732e-02  6.553471745661818004e-02  2.083592261019431846e-01  5.992048001186806028e-01
157 1885 6.563735e-02 3.751297e+00  4.834307322295734732e-02  4.849041746164147598e-02  1.791068369145885075e-01  5.143558718316251221e-01
158 1897 6.384382e-02 3.777387e+00  4.834307322295734732e-02  5.438435147114965146e-02  1.790317506944482662e-01  4.022522294293447431e-01
159 1909 6.176490e-02 3.816331e+00  4.834307322295734732e-02  8.287709247992625095e-02  1.371009406091141525e-01  5.013986523844089493e-01
160 1921 5.901744e-02 3.862635e+00  4.834307322295734732e-02  5.274800089609377879e-02  1.550854357003401129e-01  4.447209784943290112e-01
161 1933 5.613127e-02 3.885419e+00  4.834307322295734732e-02  6.559602616675000442e-02  1.615501551583907458e-01  4.121311990807935977e-01
162 1945 5.408427e-02 3.906587e+00  4.834307322295734732e-02  7.767463851257717933e-02  1.540683592373053301e-01  3.947831976165664947e-01
163 1957 5.309113e-02 3.943709e+00  4.834307322295734732e-02  6.604696665873738270e-02  1.137389513730451690e-01  3.957773549706499749e-01
164 1969 5.277459e-02 3.955819e+00  4.834307322295734732e-02  4.955026827314152477e-02  8.215869119271007603e-02  1.764632697246380222e-01
165 1981 5.155648e-02 3.981590e+00  4.663615587157967507e-02  4.663615587157967507e-02  1.332519322530238970e-01  2.016682852009797355e-01
166 1993 4.981180e-02 4.100421e+00  4.663615587157967507e-02  5.512846797854252523e-02  1.124177565878209384e-01  2.718639238039171624e-01
167 2005 4.994132e-02 4.119925e+00  4.663615587157967507e-02  4.802231199553088498e-02  7.536016910218583387e-02  2.771120364750791487e-01
168 2017 5.005860e-02 4.137315e+00  4.663615587157967507e-02  4.887191044380186783e-02  8.437830370265980706e-02  2.381219180115075051e-01
169 2029 5.014285e-02 4.136523e+00  4.663615587157967507e-02  5.537531564100642290e-02  1.268262514947441355e-01  2.468704699304934691e-01
170 2041 5.241615e-02 4.185161e+00  4.663615587157967507e-02  8.397862836605750336e-02  1.820643462373906507e-01  2.576445531974966840e-01
171 2053 5.278129e-02 4.186679e+00  4.663615587157967507e-02  5.717073701081394621e-02  1.456169017594389214e-01  3.163501158746633291e-01
172 2065 5.335827e-02 4.231170e+00  4.663615587157967507e-02  5.273886442201203978e-02  9.929740186102072041e-02  2.378800487306549361e-01
173 2077 5.180826e-02 4.260752e+00  4.663615587157967507e-02  5.612791469447538789e-02  1.070930660736925666e-01  2.469841923510923409e-01
174 2089 5.169537e-02 4.276537e+00  4.158253732952551379e-02  4.158253732952551379e-02  1.134192424554512496e-01  3.728885285893233648e-01
175 2101 5.122944e-02 4.391091e+00  4.158253732952551379e-02  4.309626542669257182e-02  9.931543217033297899e-02  2.028848418050863411e-01
176 2113 4.985313e-02 4.478202e+00  4.158253732952551379e-02  4.238343561790245545e-02  9.768067558270053519e-02  1.400639518173827369e-01
177 2125 4.908407e-02 4.512146e+00  4.158253732952551379e-02  5.360738604964199877e-02  9.299635721031127011e-02  3.423873396881648157e-01
178 2137 4.630606e-02 4.563566e+00  4.158253732952551379e-02  4.261793900884498776e-02  1.001074635659158496e-01  2.618934739299296210e-01
179 2149 4.474447e-02 4.585909e+00  3.391754302685651840e-02  3.391754302685651840e-02  5.940603493681994446e-02  8.276152606934952805e-02
180 2161 4.404541e-02 4.632687e+00  2.605234584185723082e-02  2.605234584185723082e-02  7.223262186972101428e-02  2.168289467392172376e-01
181 2173 4.415116e-02 4.654636e+00  2.605234584185723082e-02  3.222224780281239542e-02  4.888640760417225367e-02  1.247082188380596590e-01
182 2185 4.527986e-02 4.647207e+00  2.571416492820036842e-02  2.571416492820036842e-02  4.234700277413477876e-02  7.420113210374736090e-02
183 2197 4.435257e-02 4.661262e+00  2.571416492820036842e-02  3.452300202744208041e-02  9.534052934565594162e-02  4.398905915871801353e-01
184 2209 4.391775e-02 4.752855e+00  2.571416492820036842e-02  3.451818511526258404e-02  9.218557370422529595e-02  1.311205156287103823e-01
185 2221 4.432078e-02 4.836065e+00  2.571416492820036842e-02  2.739893302056562591e-02  5.349623353498286771e-02  1.144423166840729256e-01
186 2233 4.309212e-02 4.865934e+00  2.567408245314738852e-02  2.567408245314738852e-02  6.665355527348162945e-02  1.819611375271899256e-01
187 2245 4.112488e-02 4.877471e+00  2.567408245314738852e-02  2.671511162764184794e-02  6.470736374054442130e-02  1.035450194092126797e-01
188 2257 4.008269e-02 4.969748e+00  2.567408245314738852e-02  2.646829439798415243e-02  5.063951062698714145e-02  1.050811051187487827e-01
189 2269 3.946147e-02 5.048323e+00  2.567408245314738852e-02  3.314421897352796270e-02  4.942503690501118263e-02  1.462931094296729684e-01
190 2281 3.777171e-02 5.072850e+00  2.567408245314738852e-02  3.260574803545446265e-02  4.612844950690618562e-02  1.112303169591636748e-01
191 2293 3.622678e-02 5.074771e+00  2.567408245314738852e-02  2.889174008830273574e-02  4.817362766068573887e-02  8.573854832670922688e-02
192 2305 3.638484e-02 5.113668e+00  2.517668239694104138e-02  2.517668239694104138e-02  3.644829287728573730e-02  7.807937906487448509e-02
193 2317 3.687825e-02 5.147549e+00  2.516563233989594153e-02  2.516563233989594153e-02  3.937954181750029370e-02  1.374010000418589839e-01
194 2329 3.815811e-02 5.157981e+00  2.213368071327975056e-02  2.213368071327975056e-02  3.807777792391402183e-02  1.528869756676817515e-01
195 2341 3.900476e-02 5.221018e+00  2.213368071327975056e-02  2.597590325213456480e-02  4.401686494523865401e-02  5.812984243510462695e-02
196 2353 4.062395e-02 5.257373e+00  2.213368071327975056e-02  3.258172143576313490e-02  5.409787885105693528e-02  1.176202948481505639e-01
197 2365 3.886325e-02 5.266820e+00  2.213368071327975056e-02  2.436347153797192508e-02  5.389353070531909679e-02  9.632943824466257132e-02
198 2377 4.005035e-02 5.297188e+00  2.213368071327975056e-02  2.273018140727275926e-02  4.139535907785786562e-02  1.264421462412840536e-01
199 2389 4.163560e-02 5.321169e+00  1.645189270044032301e-02  1.645189270044032301e-02  2.677305075497591474e-02  6.251235757707203355e-02
200 2401 4.301669e-02 5.332884e+00  1.645189270044032301e-02  2.270305468389873307e-02  4.525421482548046270e-02  6.537620121583032073e-02
201 2413 4.570930e-02 5.386708e+00  1.645189270044032301e-02  2.276410708193311525e-02  4.504891492702324529e-02  2.893974027243851332e-01
202 2425 4.706912e-02 5.398232e+00  1.645189270044032301e-02  2.146402669041454561e-02  4.875505769312597770e-02  1.073999291401794565e-01
203 2437 4.761912e-02 5.424279e+00  1.645189270044032301e-02  2.087720036735029455e-02  4.046490487283738169e-02  1.771516821087077143e-01
204 2449 4.654121e-02 5.469886e+00  1.645189270044032301e-02  2.094741558880031801e-02  4.665681525184255107e-02  1.727626981869180844e-01
205 2461 4.521663e-02 5.576920e+00  1.645189270044032301e-02  2.974020534597049403e-02  4.067410075027490246e-02  1.324017522442560713e-01
206 2473 4.500329e-02 5.592436e+00  1.645189270044032301e-02  2.062907300851478040e-02  4.886886986331931415e-02  2.405639763139461318e-01
207 2485 4.480576e-02 5.602976e+00  1.645189270044032301e-02  2.382906233624822179e-02  4.570976212453202459e-02  2.058870604933949466e-01
208 2497 4.309900e-02 5.695958e+00  1.645189270044032301e-02  2.118281692366006871e-02  5.061727829913313659e-02  1.408975441504598802e-01
209 2509 4.193507e-02 5.752926e+00  1.645189270044032301e-02  1.835165103357483743e-02  3.545961779101760442e-02  7.429584556231513814e-02
210 2521 3.948152e-02 5.885355e+00  1.645189270044032301e-02  1.823284712091220380e-02  4.833921639743608833e-02  1.025149191083358086e-01
211 2533 3.794676e-02 5.908147e+00  1.645189270044032301e-02  1.690435306722037553e-02  2.411172515322770188e-02  1.458363747065535287e-01
212 2545 3.567813e-02 5.906370e+00  1.623788923119172042e-02  1.623788923119172042e-02  4.511382112593688432e-02  1.161531761042264715e-01
213 2557 3.393033e-02 5.975752e+00  1.623788923119172042e-02  1.946143052419873828e-02  3.279856682993373407e-02  9.205516924972627357e-02
214 2569 3.252681e-02 6.045624e+00  1.282290269849685992e-02  1.282290269849685992e-02  3.068753352929820544e-02  7.256324757480082932e-02
215 2581 3.168024e-02 6.072666e+00  1.282290269849685992e-02  1.757468056061744707e-02  3.148101577558568703e-02  8.935536379623362779e-02
216 2593 3.218532e-02 6.088644e+00  1.282290269849685992e-02  1.602041641849605985e-02  2.016852184283459554e-02  5.036171662179080716e-02
217 2605 3.315680e-02 6.133491e+00  1.282290269849685992e-02  1.609404482194921188e-02  2.364636084997081417e-02  4.713527860588080654e-02
218 2617 3.201373e-02 6.171567e+00  1.282290269849685992e-02  1.635480377563091475e-02  2.958330264123756881e-02  8.230440967270299946e-02
219 2629 3.108250e-02 6.206619e+00  1.282290269849685992e-02  1.335707859211451506e-02  2.247902241148103109e-02  5.887191814247057925e-02
220 2641 2.943070e-02 6.225828e+00  1.282290269849685992e-02  1.440413576000498450e-02  2.581629593489704472e-02  6.656639528265970163e-02
221 2653 2.845516e-02 6.265521e+00  1.183080309908507433e-02  1.183080309908507433e-02  2.557512726914444243e-02  3.504089828429792636e-02
222 2665 2.763385e-02 6.265781e+00  1.183080309908507433e-02  1.278889940976859173e-02  2.079676622496374333e-02  3.048429481994955129e-02
223 2677 2.673489e-02 6.268760e+00  1.183080309908507433e-02  1.647030926458468644e-02  2.142348342163954283e-02  7.659507752286642823e-02
224 2689 2.536480e-02 6.276744e+00  1.183080309908507433e-02  1.226278119820577682e-02  2.209246600204521627e-02  4.384935772707125590e-02
225 2701 2.544055e-02 6.360337e+00  1.183080309908507433e-02  1.189093606041461033e-02  1.918367049455101808e-02  4.002946356348122126e-02
226 2713 2.658589e-02 6.521328e+00  1.183080309908507433e-02  1.202849936093544625e-02  1.823243829027111629e-02  4.757748777634847326e-02
227 2725 2.558800e-02 6.572150e+00  1.183080309908507433e-02  1.470244388695319052e-02  1.985102043923191867e-02  4.534693598910902873e-02
228 2737 2.522750e-02 6.587458e+00  1.183080309908507433e-02  1.209208695838868974e-02  2.193905606951598170e-02  4.750373979453977741e-02
229 2749 2.454871e-02 6.595558e+00  1.135387754377360607e-02  1.135387754377360607e-02  1.604826518400410962e-02  3.891119782548815159e-02
230 2761 2.428636e-02 6.616178e+00  1.060838767557162332e-02  1.060838767557162332e-02  1.523129921592893815e-02  2.676020133015633018e-02
231 2773 2.488983e-02 6.639570e+00  1.006560739482599207e-02  1.006560739482599207e-02  1.584202335084881896e-02  3.307594465663517280e-02
