%  columns=["iteration, evaluation, sigma, void, void, stds==sigma*sqrt(diag(C))" (startseed=212695, 2017/09/27 23:0:50.97)
1 13 3.681300e-01 0 0 3.669503e-01 3.684065e-01 3.663452e-01 3.691135e-01 3.672917e-01 3.658189e-01 3.672222e-01 3.658596e-01 3.693349e-01 3.662257e-01 3.668175e-01 3.681704e-01 3.678427e-01 3.689087e-01 3.674294e-01 3.662996e-01 3.689299e-01 3.695527e-01 
2 25 3.430158e-01 0 0 3.403201e-01 3.417997e-01 3.393509e-01 3.419032e-01 3.406031e-01 3.405865e-01 3.428460e-01 3.426586e-01 3.426835e-01 3.400467e-01 3.401203e-01 3.410585e-01 3.434062e-01 3.417252e-01 3.437592e-01 3.404568e-01 3.412800e-01 3.427268e-01 
3 37 3.285387e-01 0 0 3.298655e-01 3.257023e-01 3.248020e-01 3.306386e-01 3.241925e-01 3.257794e-01 3.288034e-01 3.288337e-01 3.276284e-01 3.267756e-01 3.243280e-01 3.248300e-01 3.304571e-01 3.277467e-01 3.303149e-01 3.249723e-01 3.286094e-01 3.276018e-01 
4 49 3.254141e-01 0 0 3.258752e-01 3.218695e-01 3.209773e-01 3.257572e-01 3.216043e-01 3.208365e-01 3.357332e-01 3.249331e-01 3.239741e-01 3.224095e-01 3.212791e-01 3.226056e-01 3.254881e-01 3.240911e-01 3.256677e-01 3.204115e-01 3.248266e-01 3.251194e-01 
5 61 3.190741e-01 0 0 3.193613e-01 3.142322e-01 3.140865e-01 3.178014e-01 3.136805e-01 3.189493e-01 3.331480e-01 3.180790e-01 3.156926e-01 3.159981e-01 3.138826e-01 3.159992e-01 3.173461e-01 3.184637e-01 3.194214e-01 3.131104e-01 3.199716e-01 3.168485e-01 
6 73 3.073340e-01 0 0 3.057545e-01 3.018484e-01 3.021529e-01 3.049300e-01 3.012724e-01 3.066631e-01 3.205327e-01 3.050528e-01 3.033513e-01 3.038615e-01 3.006868e-01 3.043545e-01 3.042076e-01 3.056152e-01 3.083400e-01 3.017971e-01 3.074840e-01 3.049569e-01 
7 85 2.953808e-01 0 0 2.926546e-01 2.885532e-01 2.901527e-01 2.915534e-01 2.909207e-01 2.943997e-01 3.063923e-01 2.937767e-01 2.898373e-01 2.934573e-01 2.879150e-01 2.921273e-01 2.922186e-01 2.930745e-01 2.951952e-01 2.892322e-01 2.947419e-01 2.925567e-01 
8 97 2.910296e-01 0 0 2.868246e-01 2.828584e-01 2.855795e-01 2.870251e-01 2.865391e-01 2.967388e-01 3.016904e-01 2.876957e-01 2.845964e-01 2.890948e-01 2.821550e-01 2.874197e-01 2.877440e-01 2.887347e-01 2.915360e-01 2.841476e-01 2.896496e-01 2.863858e-01 
9 109 2.900880e-01 0 0 2.847409e-01 2.809921e-01 2.850335e-01 2.870129e-01 2.855761e-01 2.958730e-01 2.994073e-01 2.860414e-01 2.820325e-01 2.869638e-01 2.803656e-01 2.876378e-01 2.874748e-01 2.908531e-01 2.900385e-01 2.841910e-01 2.878023e-01 2.847610e-01 
10 121 2.952281e-01 0 0 2.893474e-01 2.872812e-01 2.902470e-01 2.913659e-01 2.900065e-01 3.002603e-01 3.064557e-01 2.914162e-01 2.857771e-01 2.934203e-01 2.839365e-01 2.921432e-01 2.935410e-01 2.969220e-01 2.952000e-01 2.888289e-01 2.914959e-01 2.889149e-01 
11 133 2.880186e-01 0 0 2.829632e-01 2.791401e-01 2.821420e-01 2.835911e-01 2.819646e-01 2.941577e-01 2.976078e-01 2.826673e-01 2.781378e-01 2.851289e-01 2.784649e-01 2.843054e-01 2.860017e-01 2.883016e-01 2.870619e-01 2.810850e-01 2.827809e-01 2.814670e-01 
12 145 2.747364e-01 0 0 2.680095e-01 2.653948e-01 2.681040e-01 2.689736e-01 2.672650e-01 2.794929e-01 2.826240e-01 2.690051e-01 2.658300e-01 2.727187e-01 2.651296e-01 2.714948e-01 2.725706e-01 2.732951e-01 2.727767e-01 2.663890e-01 2.682415e-01 2.673932e-01 
13 157 2.658049e-01 0 0 2.599619e-01 2.568394e-01 2.586506e-01 2.612710e-01 2.588092e-01 2.698288e-01 2.721520e-01 2.587080e-01 2.573304e-01 2.637689e-01 2.552037e-01 2.623548e-01 2.648466e-01 2.630317e-01 2.632212e-01 2.579022e-01 2.582163e-01 2.586767e-01 
14 169 2.664885e-01 0 0 2.594890e-01 2.588625e-01 2.608087e-01 2.614917e-01 2.592814e-01 2.686686e-01 2.719480e-01 2.579500e-01 2.569634e-01 2.654738e-01 2.547938e-01 2.635341e-01 2.659507e-01 2.627865e-01 2.653732e-01 2.573756e-01 2.585450e-01 2.577460e-01 
15 181 2.566910e-01 0 0 2.484281e-01 2.494164e-01 2.506648e-01 2.514744e-01 2.490730e-01 2.570918e-01 2.613041e-01 2.517410e-01 2.480400e-01 2.553201e-01 2.446346e-01 2.535994e-01 2.558165e-01 2.521045e-01 2.550621e-01 2.484132e-01 2.484997e-01 2.478876e-01 
16 193 2.526152e-01 0 0 2.429217e-01 2.454628e-01 2.466375e-01 2.471007e-01 2.459531e-01 2.517718e-01 2.557839e-01 2.497307e-01 2.441333e-01 2.507683e-01 2.392232e-01 2.481532e-01 2.508878e-01 2.482544e-01 2.500332e-01 2.448272e-01 2.430131e-01 2.437567e-01 
17 205 2.378596e-01 0 0 2.276115e-01 2.313646e-01 2.316554e-01 2.333357e-01 2.313809e-01 2.404091e-01 2.399076e-01 2.356041e-01 2.283704e-01 2.356045e-01 2.255734e-01 2.332450e-01 2.362832e-01 2.330681e-01 2.342808e-01 2.300079e-01 2.285289e-01 2.303600e-01 
18 217 2.292428e-01 0 0 2.184697e-01 2.245016e-01 2.234578e-01 2.249169e-01 2.227616e-01 2.309490e-01 2.302942e-01 2.272736e-01 2.190896e-01 2.257645e-01 2.175843e-01 2.249394e-01 2.274292e-01 2.239293e-01 2.253991e-01 2.225162e-01 2.206880e-01 2.210551e-01 
19 229 2.191541e-01 0 0 2.080953e-01 2.137369e-01 2.128684e-01 2.142484e-01 2.119681e-01 2.194779e-01 2.189853e-01 2.174659e-01 2.089535e-01 2.170894e-01 2.072172e-01 2.146278e-01 2.179437e-01 2.137759e-01 2.142659e-01 2.116629e-01 2.110988e-01 2.111309e-01 
20 241 2.127213e-01 0 0 2.012245e-01 2.064701e-01 2.066801e-01 2.068439e-01 2.055642e-01 2.127734e-01 2.120138e-01 2.102285e-01 2.024889e-01 2.100374e-01 2.000237e-01 2.078347e-01 2.115305e-01 2.095209e-01 2.082051e-01 2.042811e-01 2.052993e-01 2.047554e-01 
21 253 2.034502e-01 0 0 1.912295e-01 1.967548e-01 1.968698e-01 1.982223e-01 1.961276e-01 2.029241e-01 2.020494e-01 2.001169e-01 1.929560e-01 1.997710e-01 1.912871e-01 1.980447e-01 2.026595e-01 1.996859e-01 1.990012e-01 1.942137e-01 1.957598e-01 1.955571e-01 
22 265 1.982811e-01 0 0 1.857002e-01 1.909761e-01 1.918334e-01 1.926103e-01 1.906879e-01 1.968016e-01 1.962771e-01 1.940233e-01 1.887058e-01 1.938786e-01 1.868831e-01 1.923680e-01 1.969737e-01 1.952297e-01 1.947303e-01 1.882150e-01 1.895661e-01 1.900284e-01 
23 277 1.931671e-01 0 0 1.807930e-01 1.851845e-01 1.862530e-01 1.869411e-01 1.845539e-01 1.915154e-01 1.907088e-01 1.881837e-01 1.857617e-01 1.886258e-01 1.817308e-01 1.906529e-01 1.909829e-01 1.916645e-01 1.901550e-01 1.837811e-01 1.840290e-01 1.845433e-01 
24 289 1.897162e-01 0 0 1.774595e-01 1.809086e-01 1.830918e-01 1.834885e-01 1.804171e-01 1.878206e-01 1.868361e-01 1.837867e-01 1.817901e-01 1.856955e-01 1.776707e-01 1.874771e-01 1.870989e-01 1.879756e-01 1.867734e-01 1.813967e-01 1.799502e-01 1.807724e-01 
25 301 1.912596e-01 0 0 1.783339e-01 1.840689e-01 1.835954e-01 1.844338e-01 1.814977e-01 1.897246e-01 1.881381e-01 1.845546e-01 1.823011e-01 1.868808e-01 1.787373e-01 1.891849e-01 1.877639e-01 1.887549e-01 1.908201e-01 1.825119e-01 1.833403e-01 1.830539e-01 
26 313 1.889627e-01 0 0 1.761704e-01 1.827983e-01 1.807329e-01 1.825133e-01 1.783071e-01 1.872521e-01 1.852405e-01 1.816932e-01 1.795338e-01 1.840379e-01 1.758184e-01 1.879715e-01 1.871701e-01 1.861173e-01 1.883350e-01 1.806859e-01 1.807277e-01 1.804154e-01 
27 325 1.862555e-01 0 0 1.734432e-01 1.792791e-01 1.778173e-01 1.802641e-01 1.752440e-01 1.847228e-01 1.814072e-01 1.789987e-01 1.761502e-01 1.807442e-01 1.725061e-01 1.847164e-01 1.846730e-01 1.828073e-01 1.883437e-01 1.795085e-01 1.774244e-01 1.785933e-01 
28 337 1.817904e-01 0 0 1.686152e-01 1.741337e-01 1.727445e-01 1.753461e-01 1.703046e-01 1.793152e-01 1.765350e-01 1.756131e-01 1.714922e-01 1.756667e-01 1.672011e-01 1.799152e-01 1.793402e-01 1.777618e-01 1.839533e-01 1.770917e-01 1.726988e-01 1.749788e-01 
29 349 1.756754e-01 0 0 1.623187e-01 1.675056e-01 1.661393e-01 1.693790e-01 1.646994e-01 1.730373e-01 1.698179e-01 1.692757e-01 1.649554e-01 1.688080e-01 1.610191e-01 1.737006e-01 1.722973e-01 1.714177e-01 1.781604e-01 1.724586e-01 1.660501e-01 1.691355e-01 
30 361 1.690671e-01 0 0 1.552121e-01 1.613844e-01 1.594198e-01 1.624577e-01 1.577184e-01 1.658115e-01 1.627262e-01 1.624522e-01 1.579948e-01 1.622183e-01 1.550926e-01 1.685103e-01 1.664319e-01 1.652950e-01 1.718242e-01 1.659653e-01 1.597320e-01 1.628599e-01 
31 373 1.642500e-01 0 0 1.509248e-01 1.572530e-01 1.545958e-01 1.576123e-01 1.521096e-01 1.610323e-01 1.574344e-01 1.570860e-01 1.526680e-01 1.567243e-01 1.502216e-01 1.629997e-01 1.612187e-01 1.610638e-01 1.668128e-01 1.606979e-01 1.548497e-01 1.584035e-01 
32 385 1.572393e-01 0 0 1.448932e-01 1.503278e-01 1.475274e-01 1.499757e-01 1.449491e-01 1.534332e-01 1.501279e-01 1.496017e-01 1.460940e-01 1.498432e-01 1.432567e-01 1.551095e-01 1.544766e-01 1.540609e-01 1.591165e-01 1.534386e-01 1.475233e-01 1.520328e-01 
33 397 1.568018e-01 0 0 1.453758e-01 1.498279e-01 1.464511e-01 1.492581e-01 1.444728e-01 1.527194e-01 1.491309e-01 1.483080e-01 1.449626e-01 1.491375e-01 1.419794e-01 1.541732e-01 1.547719e-01 1.538617e-01 1.585651e-01 1.541022e-01 1.476816e-01 1.536862e-01 
34 409 1.586591e-01 0 0 1.473924e-01 1.509612e-01 1.479053e-01 1.507836e-01 1.458215e-01 1.551339e-01 1.511875e-01 1.496292e-01 1.463343e-01 1.503722e-01 1.429901e-01 1.562672e-01 1.563872e-01 1.549591e-01 1.608727e-01 1.550961e-01 1.489944e-01 1.555597e-01 
35 421 1.596971e-01 0 0 1.485263e-01 1.509971e-01 1.483422e-01 1.508630e-01 1.464089e-01 1.555412e-01 1.527090e-01 1.502533e-01 1.465549e-01 1.503907e-01 1.432674e-01 1.592464e-01 1.563601e-01 1.559076e-01 1.618744e-01 1.551856e-01 1.501826e-01 1.572167e-01 
36 433 1.610267e-01 0 0 1.495941e-01 1.518158e-01 1.505703e-01 1.515192e-01 1.470438e-01 1.565235e-01 1.555379e-01 1.515257e-01 1.484835e-01 1.510670e-01 1.447270e-01 1.610551e-01 1.572511e-01 1.565724e-01 1.651434e-01 1.554526e-01 1.515434e-01 1.592110e-01 
37 445 1.515481e-01 0 0 1.402720e-01 1.427674e-01 1.409650e-01 1.421033e-01 1.382554e-01 1.465734e-01 1.459677e-01 1.416677e-01 1.391856e-01 1.416263e-01 1.365822e-01 1.507137e-01 1.471560e-01 1.466002e-01 1.567216e-01 1.453230e-01 1.423555e-01 1.491812e-01 
38 457 1.461037e-01 0 0 1.362610e-01 1.372800e-01 1.357952e-01 1.364395e-01 1.328710e-01 1.422931e-01 1.400543e-01 1.365784e-01 1.340407e-01 1.360535e-01 1.314128e-01 1.446829e-01 1.423267e-01 1.422527e-01 1.507227e-01 1.397876e-01 1.364654e-01 1.430433e-01 
39 469 1.428351e-01 0 0 1.330100e-01 1.337868e-01 1.319359e-01 1.343451e-01 1.295432e-01 1.397974e-01 1.364208e-01 1.328876e-01 1.314622e-01 1.322474e-01 1.277096e-01 1.416657e-01 1.386846e-01 1.387620e-01 1.463085e-01 1.363894e-01 1.328163e-01 1.390458e-01 
40 481 1.423936e-01 0 0 1.338510e-01 1.328713e-01 1.314940e-01 1.345170e-01 1.288245e-01 1.393450e-01 1.355365e-01 1.325182e-01 1.309397e-01 1.321934e-01 1.269683e-01 1.408156e-01 1.376569e-01 1.379112e-01 1.452944e-01 1.353925e-01 1.320429e-01 1.394689e-01 
41 493 1.340664e-01 0 0 1.265848e-01 1.249329e-01 1.231592e-01 1.267800e-01 1.206306e-01 1.308909e-01 1.271325e-01 1.243054e-01 1.226724e-01 1.241813e-01 1.194281e-01 1.319665e-01 1.302420e-01 1.289781e-01 1.366355e-01 1.271840e-01 1.236887e-01 1.309059e-01 
42 505 1.311979e-01 0 0 1.237611e-01 1.214727e-01 1.206333e-01 1.235394e-01 1.178381e-01 1.275658e-01 1.249598e-01 1.211217e-01 1.195141e-01 1.214477e-01 1.160984e-01 1.292121e-01 1.281893e-01 1.272125e-01 1.334821e-01 1.239555e-01 1.213037e-01 1.275499e-01 
43 517 1.294758e-01 0 0 1.222079e-01 1.195640e-01 1.186336e-01 1.215765e-01 1.162394e-01 1.259308e-01 1.237741e-01 1.200330e-01 1.174340e-01 1.193705e-01 1.141762e-01 1.273261e-01 1.264367e-01 1.252086e-01 1.310915e-01 1.221252e-01 1.195634e-01 1.254302e-01 
44 529 1.243256e-01 0 0 1.177750e-01 1.141541e-01 1.135864e-01 1.161580e-01 1.116076e-01 1.203937e-01 1.186810e-01 1.150507e-01 1.120626e-01 1.150147e-01 1.093125e-01 1.220183e-01 1.212464e-01 1.198169e-01 1.250766e-01 1.177494e-01 1.143375e-01 1.200813e-01 
45 541 1.255969e-01 0 0 1.199582e-01 1.162305e-01 1.140873e-01 1.170071e-01 1.136917e-01 1.222882e-01 1.202840e-01 1.159889e-01 1.126209e-01 1.155271e-01 1.099763e-01 1.235846e-01 1.223346e-01 1.212042e-01 1.257129e-01 1.189861e-01 1.165676e-01 1.213820e-01 
46 553 1.258307e-01 0 0 1.199859e-01 1.160630e-01 1.139915e-01 1.164720e-01 1.137565e-01 1.221960e-01 1.215890e-01 1.162320e-01 1.124584e-01 1.151803e-01 1.098903e-01 1.238728e-01 1.223272e-01 1.214307e-01 1.252360e-01 1.192943e-01 1.167341e-01 1.216754e-01 
47 565 1.314736e-01 0 0 1.250466e-01 1.212424e-01 1.186970e-01 1.209975e-01 1.188592e-01 1.283536e-01 1.307922e-01 1.215994e-01 1.176124e-01 1.211593e-01 1.148673e-01 1.289297e-01 1.285739e-01 1.262939e-01 1.307103e-01 1.244810e-01 1.218330e-01 1.268473e-01 
48 577 1.395214e-01 0 0 1.318971e-01 1.282545e-01 1.256613e-01 1.292304e-01 1.256992e-01 1.366107e-01 1.435874e-01 1.287303e-01 1.245207e-01 1.284587e-01 1.225862e-01 1.378743e-01 1.362607e-01 1.334321e-01 1.379989e-01 1.313601e-01 1.298843e-01 1.339173e-01 
49 589 1.552744e-01 0 0 1.463908e-01 1.423282e-01 1.400052e-01 1.441705e-01 1.391726e-01 1.540546e-01 1.641694e-01 1.430534e-01 1.383346e-01 1.425351e-01 1.363477e-01 1.539514e-01 1.518678e-01 1.479184e-01 1.530372e-01 1.460582e-01 1.445863e-01 1.489561e-01 
50 601 1.704195e-01 0 0 1.602154e-01 1.571620e-01 1.526441e-01 1.586298e-01 1.521633e-01 1.682139e-01 1.831159e-01 1.565782e-01 1.513783e-01 1.581207e-01 1.495306e-01 1.685265e-01 1.659970e-01 1.616335e-01 1.671438e-01 1.611301e-01 1.593742e-01 1.631822e-01 
51 613 1.777395e-01 0 0 1.664997e-01 1.646838e-01 1.587504e-01 1.654712e-01 1.578199e-01 1.746511e-01 1.912597e-01 1.632189e-01 1.579207e-01 1.664891e-01 1.553510e-01 1.752041e-01 1.723047e-01 1.679185e-01 1.731327e-01 1.687694e-01 1.658311e-01 1.692118e-01 
52 625 1.851404e-01 0 0 1.731078e-01 1.719116e-01 1.657444e-01 1.715260e-01 1.640109e-01 1.815669e-01 1.993465e-01 1.689641e-01 1.636965e-01 1.758997e-01 1.612088e-01 1.820371e-01 1.788050e-01 1.753147e-01 1.795182e-01 1.763942e-01 1.721576e-01 1.777205e-01 
53 637 1.929170e-01 0 0 1.801198e-01 1.789738e-01 1.722038e-01 1.780547e-01 1.702072e-01 1.893951e-01 2.070893e-01 1.753939e-01 1.705451e-01 1.864611e-01 1.679078e-01 1.891624e-01 1.851992e-01 1.827527e-01 1.861117e-01 1.861243e-01 1.799420e-01 1.847284e-01 
54 649 1.906704e-01 0 0 1.771748e-01 1.762322e-01 1.691569e-01 1.752417e-01 1.682115e-01 1.867509e-01 2.045082e-01 1.731649e-01 1.674911e-01 1.851672e-01 1.657534e-01 1.856409e-01 1.819356e-01 1.802845e-01 1.831156e-01 1.843346e-01 1.773522e-01 1.821356e-01 
55 661 1.912505e-01 0 0 1.772138e-01 1.765909e-01 1.690291e-01 1.753651e-01 1.704734e-01 1.863632e-01 2.045982e-01 1.728337e-01 1.672299e-01 1.887728e-01 1.659035e-01 1.849283e-01 1.825870e-01 1.798585e-01 1.837773e-01 1.842263e-01 1.775856e-01 1.816198e-01 
56 673 1.821491e-01 0 0 1.679178e-01 1.676931e-01 1.606015e-01 1.666489e-01 1.630638e-01 1.775924e-01 1.935476e-01 1.638347e-01 1.582885e-01 1.801206e-01 1.569317e-01 1.756029e-01 1.732284e-01 1.710099e-01 1.749148e-01 1.757519e-01 1.683622e-01 1.717978e-01 
57 685 1.733266e-01 0 0 1.590169e-01 1.589039e-01 1.526301e-01 1.588193e-01 1.550185e-01 1.685965e-01 1.842965e-01 1.559400e-01 1.508253e-01 1.709491e-01 1.484807e-01 1.660109e-01 1.638454e-01 1.619648e-01 1.658329e-01 1.664357e-01 1.602557e-01 1.623589e-01 
58 697 1.710268e-01 0 0 1.563118e-01 1.565895e-01 1.500967e-01 1.581476e-01 1.555973e-01 1.669311e-01 1.822468e-01 1.544196e-01 1.487095e-01 1.678317e-01 1.477629e-01 1.633395e-01 1.613152e-01 1.603149e-01 1.634387e-01 1.633575e-01 1.574547e-01 1.601809e-01 
59 709 1.682224e-01 0 0 1.537074e-01 1.534160e-01 1.498976e-01 1.567073e-01 1.538655e-01 1.635719e-01 1.784527e-01 1.513173e-01 1.452435e-01 1.644703e-01 1.454431e-01 1.600695e-01 1.577378e-01 1.573041e-01 1.618055e-01 1.601669e-01 1.543151e-01 1.565854e-01 
60 721 1.693962e-01 0 0 1.553371e-01 1.541414e-01 1.508411e-01 1.573196e-01 1.546663e-01 1.654757e-01 1.786294e-01 1.514790e-01 1.461922e-01 1.644298e-01 1.471984e-01 1.621353e-01 1.580395e-01 1.579537e-01 1.635302e-01 1.635047e-01 1.549101e-01 1.566429e-01 
61 733 1.701074e-01 0 0 1.556950e-01 1.556485e-01 1.507709e-01 1.576416e-01 1.546051e-01 1.664380e-01 1.784969e-01 1.526201e-01 1.458657e-01 1.647165e-01 1.475947e-01 1.620130e-01 1.580495e-01 1.586613e-01 1.634222e-01 1.640463e-01 1.556450e-01 1.582445e-01 
62 745 1.764331e-01 0 0 1.606097e-01 1.614771e-01 1.557843e-01 1.641073e-01 1.599381e-01 1.735811e-01 1.858630e-01 1.579910e-01 1.506491e-01 1.697877e-01 1.528718e-01 1.673150e-01 1.628218e-01 1.651050e-01 1.687348e-01 1.697381e-01 1.641405e-01 1.644310e-01 
63 757 1.785565e-01 0 0 1.619549e-01 1.632177e-01 1.568732e-01 1.675263e-01 1.631409e-01 1.773987e-01 1.881915e-01 1.588940e-01 1.519583e-01 1.710309e-01 1.547522e-01 1.681669e-01 1.638438e-01 1.682875e-01 1.708268e-01 1.706762e-01 1.657395e-01 1.661271e-01 
64 769 1.765013e-01 0 0 1.594705e-01 1.609816e-01 1.549754e-01 1.659600e-01 1.611189e-01 1.771587e-01 1.855156e-01 1.566685e-01 1.496841e-01 1.684314e-01 1.524703e-01 1.660967e-01 1.608891e-01 1.673315e-01 1.696124e-01 1.704304e-01 1.635621e-01 1.639312e-01 
65 781 1.784339e-01 0 0 1.606052e-01 1.630426e-01 1.571700e-01 1.689007e-01 1.622910e-01 1.819304e-01 1.863281e-01 1.577693e-01 1.506210e-01 1.694380e-01 1.534941e-01 1.688482e-01 1.630199e-01 1.701863e-01 1.720007e-01 1.723205e-01 1.646971e-01 1.652712e-01 
66 793 1.757056e-01 0 0 1.589182e-01 1.599584e-01 1.550982e-01 1.666650e-01 1.593916e-01 1.792708e-01 1.825570e-01 1.557472e-01 1.475168e-01 1.666928e-01 1.509426e-01 1.665837e-01 1.604955e-01 1.668695e-01 1.704111e-01 1.695796e-01 1.621860e-01 1.619663e-01 
67 805 1.739052e-01 0 0 1.569670e-01 1.586639e-01 1.529577e-01 1.652252e-01 1.577154e-01 1.771981e-01 1.812852e-01 1.540733e-01 1.451211e-01 1.654965e-01 1.492959e-01 1.654781e-01 1.591788e-01 1.650371e-01 1.690492e-01 1.677952e-01 1.602936e-01 1.600258e-01 
68 817 1.699084e-01 0 0 1.525502e-01 1.549786e-01 1.502091e-01 1.614577e-01 1.530674e-01 1.734530e-01 1.761254e-01 1.514260e-01 1.410181e-01 1.610306e-01 1.454616e-01 1.611051e-01 1.549662e-01 1.607232e-01 1.655161e-01 1.635141e-01 1.571299e-01 1.556358e-01 
69 829 1.628346e-01 0 0 1.457233e-01 1.478925e-01 1.430176e-01 1.539193e-01 1.464129e-01 1.658017e-01 1.679664e-01 1.469679e-01 1.348587e-01 1.541685e-01 1.390252e-01 1.545587e-01 1.477020e-01 1.542812e-01 1.584176e-01 1.560042e-01 1.501224e-01 1.487842e-01 
70 841 1.565298e-01 0 0 1.392590e-01 1.420448e-01 1.378620e-01 1.481295e-01 1.401504e-01 1.588771e-01 1.610179e-01 1.415471e-01 1.289052e-01 1.471687e-01 1.332490e-01 1.491888e-01 1.422869e-01 1.476041e-01 1.531717e-01 1.495428e-01 1.442985e-01 1.425535e-01 
71 853 1.543064e-01 0 0 1.372371e-01 1.397708e-01 1.356238e-01 1.458833e-01 1.380012e-01 1.560358e-01 1.586297e-01 1.406070e-01 1.284238e-01 1.457186e-01 1.309045e-01 1.463551e-01 1.394157e-01 1.451087e-01 1.507857e-01 1.468374e-01 1.425533e-01 1.405588e-01 
72 865 1.570920e-01 0 0 1.403459e-01 1.419498e-01 1.388107e-01 1.476262e-01 1.403739e-01 1.584053e-01 1.606653e-01 1.443665e-01 1.314852e-01 1.484817e-01 1.336276e-01 1.486709e-01 1.423246e-01 1.486687e-01 1.542594e-01 1.493575e-01 1.442263e-01 1.440679e-01 
73 877 1.581684e-01 0 0 1.404971e-01 1.424329e-01 1.400747e-01 1.479733e-01 1.411727e-01 1.590355e-01 1.610159e-01 1.450106e-01 1.321754e-01 1.493197e-01 1.351331e-01 1.488559e-01 1.442328e-01 1.498867e-01 1.550490e-01 1.499305e-01 1.444599e-01 1.466454e-01 
74 889 1.509138e-01 0 0 1.336521e-01 1.351858e-01 1.333481e-01 1.412082e-01 1.338383e-01 1.509052e-01 1.530454e-01 1.385739e-01 1.257492e-01 1.416937e-01 1.297143e-01 1.413921e-01 1.374179e-01 1.424657e-01 1.477204e-01 1.425150e-01 1.377537e-01 1.398263e-01 
75 901 1.428783e-01 0 0 1.256644e-01 1.282510e-01 1.254790e-01 1.337186e-01 1.258398e-01 1.422167e-01 1.443804e-01 1.306028e-01 1.186227e-01 1.348285e-01 1.224549e-01 1.334364e-01 1.300827e-01 1.350953e-01 1.397172e-01 1.348473e-01 1.299699e-01 1.319085e-01 
76 913 1.339966e-01 0 0 1.174159e-01 1.195824e-01 1.173585e-01 1.248094e-01 1.192682e-01 1.333196e-01 1.348926e-01 1.222858e-01 1.114620e-01 1.261007e-01 1.144188e-01 1.250946e-01 1.217841e-01 1.262057e-01 1.310230e-01 1.256480e-01 1.216282e-01 1.233055e-01 
77 925 1.278857e-01 0 0 1.118453e-01 1.134795e-01 1.119291e-01 1.182517e-01 1.148220e-01 1.270377e-01 1.281160e-01 1.161373e-01 1.061807e-01 1.199297e-01 1.091181e-01 1.186364e-01 1.163312e-01 1.201884e-01 1.248979e-01 1.195102e-01 1.153532e-01 1.184505e-01 
78 937 1.235468e-01 0 0 1.073855e-01 1.089912e-01 1.082948e-01 1.141833e-01 1.108087e-01 1.223246e-01 1.230447e-01 1.117666e-01 1.027178e-01 1.151863e-01 1.048949e-01 1.149657e-01 1.123316e-01 1.163447e-01 1.204490e-01 1.152283e-01 1.106884e-01 1.139226e-01 
79 949 1.202416e-01 0 0 1.041883e-01 1.070517e-01 1.052796e-01 1.109269e-01 1.072814e-01 1.185562e-01 1.200482e-01 1.092210e-01 9.956550e-02 1.114383e-01 1.015957e-01 1.119704e-01 1.088794e-01 1.128071e-01 1.169645e-01 1.121669e-01 1.072797e-01 1.103723e-01 
80 961 1.205439e-01 0 0 1.045079e-01 1.076768e-01 1.059513e-01 1.115598e-01 1.072455e-01 1.182878e-01 1.205089e-01 1.089704e-01 1.000186e-01 1.121441e-01 1.021069e-01 1.118468e-01 1.086026e-01 1.132109e-01 1.166228e-01 1.120822e-01 1.074976e-01 1.133024e-01 
81 973 1.173814e-01 0 0 1.013199e-01 1.050678e-01 1.029647e-01 1.083098e-01 1.041800e-01 1.143933e-01 1.171929e-01 1.062052e-01 9.729403e-02 1.087942e-01 9.995810e-02 1.086227e-01 1.058452e-01 1.098378e-01 1.132434e-01 1.093405e-01 1.042187e-01 1.101345e-01 
82 985 1.162955e-01 0 0 9.972384e-02 1.045015e-01 1.022246e-01 1.066850e-01 1.026838e-01 1.130963e-01 1.158623e-01 1.052659e-01 9.602171e-02 1.073589e-01 1.001763e-01 1.073604e-01 1.043480e-01 1.092924e-01 1.120588e-01 1.077907e-01 1.038232e-01 1.089040e-01 
83 997 1.157669e-01 0 0 9.853819e-02 1.036887e-01 1.023509e-01 1.056657e-01 1.015444e-01 1.124787e-01 1.149850e-01 1.061934e-01 9.595436e-02 1.062815e-01 9.977019e-02 1.071207e-01 1.032693e-01 1.083671e-01 1.119275e-01 1.074443e-01 1.037445e-01 1.084057e-01 
84 1009 1.144113e-01 0 0 9.694662e-02 1.020195e-01 1.011854e-01 1.040639e-01 1.000011e-01 1.119796e-01 1.132813e-01 1.051914e-01 9.467063e-02 1.046239e-01 9.829421e-02 1.059049e-01 1.018041e-01 1.068632e-01 1.099640e-01 1.060014e-01 1.023394e-01 1.076493e-01 
85 1021 1.159889e-01 0 0 9.767377e-02 1.027321e-01 1.036915e-01 1.048632e-01 1.007360e-01 1.137213e-01 1.143435e-01 1.067018e-01 9.626844e-02 1.068079e-01 9.903777e-02 1.077574e-01 1.026263e-01 1.079811e-01 1.111280e-01 1.071174e-01 1.031596e-01 1.098673e-01 
86 1033 1.165740e-01 0 0 9.755653e-02 1.030462e-01 1.042379e-01 1.048290e-01 1.011220e-01 1.140556e-01 1.152327e-01 1.070954e-01 9.625375e-02 1.102416e-01 9.963781e-02 1.077705e-01 1.025669e-01 1.085266e-01 1.113918e-01 1.073291e-01 1.045183e-01 1.109535e-01 
87 1045 1.179183e-01 0 0 9.818182e-02 1.036173e-01 1.055674e-01 1.072959e-01 1.020682e-01 1.153239e-01 1.173272e-01 1.079472e-01 9.792114e-02 1.134545e-01 1.005421e-01 1.092392e-01 1.038899e-01 1.092005e-01 1.137928e-01 1.080249e-01 1.050832e-01 1.127004e-01 
88 1057 1.220202e-01 0 0 1.015919e-01 1.071835e-01 1.092747e-01 1.109371e-01 1.052956e-01 1.188923e-01 1.217366e-01 1.115088e-01 1.016164e-01 1.191601e-01 1.046992e-01 1.126178e-01 1.068754e-01 1.123791e-01 1.182178e-01 1.124428e-01 1.083223e-01 1.159860e-01 
89 1069 1.220290e-01 0 0 1.016577e-01 1.068620e-01 1.088494e-01 1.104474e-01 1.053699e-01 1.189355e-01 1.215025e-01 1.110205e-01 1.020820e-01 1.191881e-01 1.044234e-01 1.126644e-01 1.063094e-01 1.119104e-01 1.178379e-01 1.121230e-01 1.076645e-01 1.160980e-01 
90 1081 1.228542e-01 0 0 1.021631e-01 1.071254e-01 1.093879e-01 1.114058e-01 1.061569e-01 1.197678e-01 1.218304e-01 1.115146e-01 1.027562e-01 1.196272e-01 1.048408e-01 1.128395e-01 1.064762e-01 1.127754e-01 1.195817e-01 1.136252e-01 1.087698e-01 1.166595e-01 
91 1093 1.241987e-01 0 0 1.029842e-01 1.093218e-01 1.101083e-01 1.125389e-01 1.069625e-01 1.207529e-01 1.226158e-01 1.121375e-01 1.039577e-01 1.209559e-01 1.054488e-01 1.136012e-01 1.070658e-01 1.141441e-01 1.227477e-01 1.171562e-01 1.096554e-01 1.172234e-01 
92 1105 1.249997e-01 0 0 1.038060e-01 1.101154e-01 1.102561e-01 1.128401e-01 1.080693e-01 1.208243e-01 1.230293e-01 1.124536e-01 1.044947e-01 1.218015e-01 1.056658e-01 1.136889e-01 1.076654e-01 1.152935e-01 1.248686e-01 1.199606e-01 1.102468e-01 1.174447e-01 
93 1117 1.246271e-01 0 0 1.030038e-01 1.104037e-01 1.093989e-01 1.120058e-01 1.073097e-01 1.200207e-01 1.231995e-01 1.113240e-01 1.044940e-01 1.212834e-01 1.049956e-01 1.127532e-01 1.067557e-01 1.147932e-01 1.247753e-01 1.201964e-01 1.098818e-01 1.188393e-01 
94 1129 1.242149e-01 0 0 1.020793e-01 1.101087e-01 1.091218e-01 1.115865e-01 1.070304e-01 1.189331e-01 1.228398e-01 1.102632e-01 1.053066e-01 1.205707e-01 1.039733e-01 1.117644e-01 1.059194e-01 1.140324e-01 1.249913e-01 1.209231e-01 1.096863e-01 1.178161e-01 
95 1141 1.259876e-01 0 0 1.032558e-01 1.112916e-01 1.105124e-01 1.128984e-01 1.085581e-01 1.199798e-01 1.245625e-01 1.117245e-01 1.075718e-01 1.225721e-01 1.053602e-01 1.136690e-01 1.068825e-01 1.152875e-01 1.277083e-01 1.232975e-01 1.110303e-01 1.189547e-01 
96 1153 1.293571e-01 0 0 1.056519e-01 1.140722e-01 1.130546e-01 1.154989e-01 1.107816e-01 1.227555e-01 1.278741e-01 1.147219e-01 1.116187e-01 1.266202e-01 1.079218e-01 1.160200e-01 1.093487e-01 1.188932e-01 1.328684e-01 1.285612e-01 1.137562e-01 1.217228e-01 
97 1165 1.262385e-01 0 0 1.027264e-01 1.111807e-01 1.101687e-01 1.121033e-01 1.075554e-01 1.202838e-01 1.249666e-01 1.120589e-01 1.093481e-01 1.234671e-01 1.047327e-01 1.135867e-01 1.064286e-01 1.158071e-01 1.308833e-01 1.256338e-01 1.108575e-01 1.188972e-01 
98 1177 1.225309e-01 0 0 9.925419e-02 1.075028e-01 1.061820e-01 1.094400e-01 1.041738e-01 1.162983e-01 1.206133e-01 1.088375e-01 1.063336e-01 1.192356e-01 1.012012e-01 1.108161e-01 1.029285e-01 1.129547e-01 1.277698e-01 1.213296e-01 1.078816e-01 1.149324e-01 
99 1189 1.181344e-01 0 0 9.515034e-02 1.029777e-01 1.022166e-01 1.050970e-01 1.024162e-01 1.120804e-01 1.160759e-01 1.046627e-01 1.030476e-01 1.143798e-01 9.764374e-02 1.065951e-01 9.892568e-02 1.085721e-01 1.229304e-01 1.166890e-01 1.034761e-01 1.102477e-01 
100 1201 1.126683e-01 0 0 9.080544e-02 9.774020e-02 9.753602e-02 1.001532e-01 9.746711e-02 1.062035e-01 1.106525e-01 9.972009e-02 9.781191e-02 1.090378e-01 9.252008e-02 1.010807e-01 9.438613e-02 1.033105e-01 1.169658e-01 1.126945e-01 9.802674e-02 1.051935e-01 
101 1213 1.067467e-01 0 0 8.683969e-02 9.249973e-02 9.277953e-02 9.461102e-02 9.192423e-02 1.000287e-01 1.042730e-01 9.409013e-02 9.232341e-02 1.028069e-01 8.714853e-02 9.548810e-02 8.893205e-02 9.772455e-02 1.108641e-01 1.067938e-01 9.231453e-02 9.915955e-02 
102 1225 1.005359e-01 0 0 8.157563e-02 8.688632e-02 8.715433e-02 8.898619e-02 8.644390e-02 9.395474e-02 9.793899e-02 8.862386e-02 8.709773e-02 9.644570e-02 8.191365e-02 8.971352e-02 8.347640e-02 9.145961e-02 1.039928e-01 1.008887e-01 8.678017e-02 9.315465e-02 
103 1237 1.010369e-01 0 0 8.183721e-02 8.694904e-02 8.737229e-02 9.164954e-02 8.652000e-02 9.508543e-02 9.812517e-02 8.904142e-02 8.720280e-02 9.728397e-02 8.281853e-02 9.003450e-02 8.376041e-02 9.185930e-02 1.038557e-01 1.016717e-01 8.699312e-02 9.296952e-02 
104 1249 1.002172e-01 0 0 8.096715e-02 8.581434e-02 8.622870e-02 9.128898e-02 8.567947e-02 9.436505e-02 9.833507e-02 8.858158e-02 8.604968e-02 9.645026e-02 8.317600e-02 8.928015e-02 8.294031e-02 9.056351e-02 1.026642e-01 1.011593e-01 8.593383e-02 9.262301e-02 
105 1261 9.832656e-02 0 0 7.932910e-02 8.456923e-02 8.444384e-02 8.947124e-02 8.357994e-02 9.253046e-02 9.635468e-02 8.684680e-02 8.437654e-02 9.460416e-02 8.161698e-02 8.739111e-02 8.137597e-02 8.861043e-02 1.011142e-01 1.005619e-01 8.382992e-02 9.191181e-02 
106 1273 1.000042e-01 0 0 8.014464e-02 8.671395e-02 8.551578e-02 9.096597e-02 8.469000e-02 9.374989e-02 9.915465e-02 8.785716e-02 8.582374e-02 9.713719e-02 8.394740e-02 8.845205e-02 8.235222e-02 9.042784e-02 1.071195e-01 1.084651e-01 8.489149e-02 9.337428e-02 
107 1285 9.962576e-02 0 0 7.988314e-02 8.624973e-02 8.478427e-02 9.108834e-02 8.440600e-02 9.323806e-02 9.870561e-02 8.808006e-02 8.586262e-02 9.698012e-02 8.391811e-02 8.783104e-02 8.166119e-02 8.971203e-02 1.072792e-01 1.087369e-01 8.419193e-02 9.269245e-02 
108 1297 1.009168e-01 0 0 8.136157e-02 8.801884e-02 8.600086e-02 9.384929e-02 8.567840e-02 9.440614e-02 1.001151e-01 8.926154e-02 8.667052e-02 9.788848e-02 8.537614e-02 8.840470e-02 8.258971e-02 9.075826e-02 1.093449e-01 1.108537e-01 8.492990e-02 9.421227e-02 
109 1309 1.026261e-01 0 0 8.281424e-02 9.026777e-02 8.842762e-02 9.590389e-02 8.666305e-02 9.566658e-02 1.017482e-01 9.024810e-02 8.769026e-02 9.922882e-02 8.720747e-02 8.960166e-02 8.401324e-02 9.213050e-02 1.106567e-01 1.131783e-01 8.626646e-02 9.679289e-02 
110 1321 1.080852e-01 0 0 8.823655e-02 9.525062e-02 9.346602e-02 1.008769e-01 9.124032e-02 1.006139e-01 1.074266e-01 9.652957e-02 9.211672e-02 1.048252e-01 9.270901e-02 9.378724e-02 8.943465e-02 9.833437e-02 1.159841e-01 1.192331e-01 9.184195e-02 1.021786e-01 
111 1333 1.109052e-01 0 0 9.136226e-02 9.835558e-02 9.706814e-02 1.038573e-01 9.597234e-02 1.025376e-01 1.111560e-01 9.906284e-02 9.407524e-02 1.070243e-01 9.569534e-02 9.577559e-02 9.208418e-02 1.007861e-01 1.183784e-01 1.220469e-01 9.413497e-02 1.047046e-01 
112 1345 1.140140e-01 0 0 9.382213e-02 1.029024e-01 1.002747e-01 1.073742e-01 1.011618e-01 1.052354e-01 1.141758e-01 1.015425e-01 9.624516e-02 1.104507e-01 9.885387e-02 9.805411e-02 9.438048e-02 1.035052e-01 1.213855e-01 1.250382e-01 9.741876e-02 1.072687e-01 
113 1357 1.146612e-01 0 0 9.409182e-02 1.031130e-01 1.012651e-01 1.077382e-01 1.034620e-01 1.052037e-01 1.142372e-01 1.018832e-01 9.621408e-02 1.107037e-01 9.965142e-02 9.884907e-02 9.433013e-02 1.038261e-01 1.238312e-01 1.257803e-01 9.786363e-02 1.074627e-01 
114 1369 1.146149e-01 0 0 9.393211e-02 1.043823e-01 1.021496e-01 1.075937e-01 1.041431e-01 1.047189e-01 1.134503e-01 1.019739e-01 9.562454e-02 1.102147e-01 9.994788e-02 9.888499e-02 9.386157e-02 1.045791e-01 1.242004e-01 1.256531e-01 9.738506e-02 1.068217e-01 
115 1381 1.124481e-01 0 0 9.161405e-02 1.022566e-01 1.007745e-01 1.049323e-01 1.024567e-01 1.022713e-01 1.117410e-01 9.967154e-02 9.359477e-02 1.089599e-01 9.776774e-02 9.661204e-02 9.186250e-02 1.023570e-01 1.217593e-01 1.230620e-01 9.503707e-02 1.044776e-01 
116 1393 1.145383e-01 0 0 9.433032e-02 1.064675e-01 1.024238e-01 1.064416e-01 1.042097e-01 1.038004e-01 1.140040e-01 1.012180e-01 9.563696e-02 1.110952e-01 1.002517e-01 9.837480e-02 9.323222e-02 1.039974e-01 1.254989e-01 1.275392e-01 9.621822e-02 1.057783e-01 
117 1405 1.188620e-01 0 0 9.794860e-02 1.131045e-01 1.060993e-01 1.106820e-01 1.077252e-01 1.073964e-01 1.190466e-01 1.047782e-01 9.966744e-02 1.147964e-01 1.047735e-01 1.022672e-01 9.621405e-02 1.074112e-01 1.316162e-01 1.329021e-01 9.926428e-02 1.100261e-01 
118 1417 1.215486e-01 0 0 1.005197e-01 1.179597e-01 1.082498e-01 1.137688e-01 1.098224e-01 1.095130e-01 1.222119e-01 1.071730e-01 1.018937e-01 1.169810e-01 1.074233e-01 1.048541e-01 9.813304e-02 1.092473e-01 1.345633e-01 1.360054e-01 1.015320e-01 1.123516e-01 
119 1429 1.212701e-01 0 0 1.002717e-01 1.182025e-01 1.087715e-01 1.131299e-01 1.091595e-01 1.087479e-01 1.214641e-01 1.067554e-01 1.018222e-01 1.160158e-01 1.070728e-01 1.043914e-01 9.729169e-02 1.084776e-01 1.339451e-01 1.362197e-01 1.021531e-01 1.141378e-01 
120 1441 1.212274e-01 0 0 1.004853e-01 1.183296e-01 1.098920e-01 1.129052e-01 1.102025e-01 1.088061e-01 1.208472e-01 1.060161e-01 1.012879e-01 1.152017e-01 1.075244e-01 1.039402e-01 9.656150e-02 1.078763e-01 1.337066e-01 1.359788e-01 1.038101e-01 1.137741e-01 
121 1453 1.234710e-01 0 0 1.026926e-01 1.225871e-01 1.122270e-01 1.152933e-01 1.122955e-01 1.103842e-01 1.224723e-01 1.083552e-01 1.031383e-01 1.169419e-01 1.104250e-01 1.056140e-01 9.822290e-02 1.092350e-01 1.353213e-01 1.380173e-01 1.059333e-01 1.160042e-01 
122 1465 1.191362e-01 0 0 9.868171e-02 1.184990e-01 1.078503e-01 1.108560e-01 1.079890e-01 1.059494e-01 1.178505e-01 1.045704e-01 9.906923e-02 1.129643e-01 1.064805e-01 1.020015e-01 9.484554e-02 1.054160e-01 1.303580e-01 1.326791e-01 1.024901e-01 1.118283e-01 
123 1477 1.131865e-01 0 0 9.384883e-02 1.127654e-01 1.030075e-01 1.054011e-01 1.020629e-01 1.002582e-01 1.115413e-01 9.903554e-02 9.425215e-02 1.071030e-01 1.014375e-01 9.626336e-02 8.988288e-02 1.000937e-01 1.250146e-01 1.264598e-01 9.723556e-02 1.078340e-01 
124 1489 1.092805e-01 0 0 9.030493e-02 1.086493e-01 9.920969e-02 1.013875e-01 9.789880e-02 9.623890e-02 1.070773e-01 9.550041e-02 9.049517e-02 1.037224e-01 9.814090e-02 9.391216e-02 8.694320e-02 9.643504e-02 1.201064e-01 1.214047e-01 9.336822e-02 1.038271e-01 
125 1501 1.060855e-01 0 0 8.724066e-02 1.055497e-01 9.675202e-02 9.833202e-02 9.458269e-02 9.285210e-02 1.039310e-01 9.249883e-02 8.745964e-02 1.003423e-01 9.678724e-02 9.075805e-02 8.407875e-02 9.329090e-02 1.171609e-01 1.176386e-01 9.078107e-02 1.008503e-01 
126 1513 1.032613e-01 0 0 8.489212e-02 1.024754e-01 9.372341e-02 9.605840e-02 9.157812e-02 9.010819e-02 1.006957e-01 8.992709e-02 8.561340e-02 9.751313e-02 9.417381e-02 8.795941e-02 8.153570e-02 9.025114e-02 1.154109e-01 1.148264e-01 8.837954e-02 9.835879e-02 
127 1525 9.865336e-02 0 0 8.082919e-02 9.769673e-02 8.944990e-02 9.173578e-02 8.716706e-02 8.618519e-02 9.588458e-02 8.535527e-02 8.244886e-02 9.328609e-02 9.048766e-02 8.372200e-02 7.760005e-02 8.614931e-02 1.101058e-01 1.102395e-01 8.538324e-02 9.370318e-02 
128 1537 9.347578e-02 0 0 7.668021e-02 9.268991e-02 8.438589e-02 8.643506e-02 8.243043e-02 8.135983e-02 9.027664e-02 8.043191e-02 7.803453e-02 8.825803e-02 8.559089e-02 7.890382e-02 7.344727e-02 8.121973e-02 1.039292e-01 1.042389e-01 8.095617e-02 8.834690e-02 
129 1549 8.794257e-02 0 0 7.239800e-02 8.705203e-02 7.962366e-02 8.125878e-02 7.756217e-02 7.609875e-02 8.437569e-02 7.555925e-02 7.324728e-02 8.265883e-02 8.046635e-02 7.388958e-02 6.892924e-02 7.600192e-02 9.735961e-02 9.762906e-02 7.604911e-02 8.270099e-02 
130 1561 8.604303e-02 0 0 7.054584e-02 8.558886e-02 7.769106e-02 7.910671e-02 7.643439e-02 7.399152e-02 8.221774e-02 7.405727e-02 7.189525e-02 8.094340e-02 7.851869e-02 7.195349e-02 6.756849e-02 7.462289e-02 9.514492e-02 9.522580e-02 7.401151e-02 8.048004e-02 
131 1573 8.225210e-02 0 0 6.735937e-02 8.167306e-02 7.376988e-02 7.534555e-02 7.339515e-02 7.066411e-02 7.832291e-02 7.079646e-02 6.840416e-02 7.775791e-02 7.525187e-02 6.856938e-02 6.428534e-02 7.114342e-02 9.039785e-02 9.061429e-02 7.069948e-02 7.685284e-02 
132 1585 8.156870e-02 0 0 6.688386e-02 8.078986e-02 7.272874e-02 7.490459e-02 7.299510e-02 6.981223e-02 7.733889e-02 7.200043e-02 6.758025e-02 7.679609e-02 7.427431e-02 6.780257e-02 6.335242e-02 7.125914e-02 8.899048e-02 8.964370e-02 6.987091e-02 7.604971e-02 
133 1597 7.903121e-02 0 0 6.460075e-02 7.814081e-02 7.027354e-02 7.232530e-02 7.053892e-02 6.762544e-02 7.461680e-02 7.052497e-02 6.517815e-02 7.441158e-02 7.145314e-02 6.557757e-02 6.095979e-02 6.911836e-02 8.572741e-02 8.634315e-02 6.788979e-02 7.364852e-02 
134 1609 7.460038e-02 0 0 6.060827e-02 7.366822e-02 6.586488e-02 6.798656e-02 6.621451e-02 6.375857e-02 7.047442e-02 6.668399e-02 6.116992e-02 6.985936e-02 6.715652e-02 6.183166e-02 5.730484e-02 6.519089e-02 8.080860e-02 8.104384e-02 6.409275e-02 6.931097e-02 
135 1621 7.589470e-02 0 0 6.146120e-02 7.602359e-02 6.664673e-02 6.882745e-02 6.735930e-02 6.478211e-02 7.173668e-02 6.868956e-02 6.207555e-02 7.095903e-02 6.804388e-02 6.376651e-02 5.809189e-02 6.690858e-02 8.299011e-02 8.257878e-02 6.489344e-02 7.029052e-02 
136 1633 7.665179e-02 0 0 6.186852e-02 7.686199e-02 6.738166e-02 6.919890e-02 6.796091e-02 6.528044e-02 7.220233e-02 7.014227e-02 6.242777e-02 7.148587e-02 6.847964e-02 6.585221e-02 5.837844e-02 6.740080e-02 8.364085e-02 8.313983e-02 6.540350e-02 7.087565e-02 
137 1645 7.758742e-02 0 0 6.231214e-02 7.769632e-02 6.797123e-02 6.972144e-02 6.848025e-02 6.605120e-02 7.404936e-02 7.126672e-02 6.279936e-02 7.288844e-02 6.888133e-02 6.680210e-02 5.879324e-02 6.793812e-02 8.457462e-02 8.360153e-02 6.583350e-02 7.141182e-02 
138 1657 7.897297e-02 0 0 6.318541e-02 7.919609e-02 6.883712e-02 7.059173e-02 6.928162e-02 6.816193e-02 7.613192e-02 7.266230e-02 6.354918e-02 7.490343e-02 7.003954e-02 6.773756e-02 5.943374e-02 6.891685e-02 8.637773e-02 8.472474e-02 6.666159e-02 7.232151e-02 
139 1669 7.768904e-02 0 0 6.185370e-02 7.784867e-02 6.766163e-02 6.913849e-02 6.814273e-02 6.808895e-02 7.495694e-02 7.142103e-02 6.229039e-02 7.419906e-02 6.875421e-02 6.664830e-02 5.826699e-02 6.785555e-02 8.510321e-02 8.300461e-02 6.532020e-02 7.078522e-02 
140 1681 7.868903e-02 0 0 6.257623e-02 7.882125e-02 6.829410e-02 6.970857e-02 6.891773e-02 6.923113e-02 7.586326e-02 7.224421e-02 6.333043e-02 7.683848e-02 6.978621e-02 6.785141e-02 5.881819e-02 6.880940e-02 8.609063e-02 8.395478e-02 6.602342e-02 7.152721e-02 
141 1693 7.515967e-02 0 0 5.938271e-02 7.505146e-02 6.530526e-02 6.623561e-02 6.561880e-02 6.627747e-02 7.235235e-02 6.901008e-02 6.020690e-02 7.385902e-02 6.642205e-02 6.471295e-02 5.600743e-02 6.606961e-02 8.245334e-02 7.999695e-02 6.288964e-02 6.794658e-02 
142 1705 7.354312e-02 0 0 5.776028e-02 7.309798e-02 6.377232e-02 6.456149e-02 6.524604e-02 6.530267e-02 7.042128e-02 6.730370e-02 5.868573e-02 7.235620e-02 6.548537e-02 6.334027e-02 5.448215e-02 6.427090e-02 8.064788e-02 7.824960e-02 6.119045e-02 6.645885e-02 
143 1717 6.996135e-02 0 0 5.457322e-02 6.924176e-02 6.049295e-02 6.103237e-02 6.218265e-02 6.214744e-02 6.660795e-02 6.400355e-02 5.588551e-02 6.863861e-02 6.192772e-02 6.018655e-02 5.150662e-02 6.085519e-02 7.650668e-02 7.418529e-02 5.787820e-02 6.279673e-02 
144 1729 6.734192e-02 0 0 5.230323e-02 6.645425e-02 5.824226e-02 5.862935e-02 5.984531e-02 6.055795e-02 6.372459e-02 6.161308e-02 5.346897e-02 6.585458e-02 5.935641e-02 5.759243e-02 4.930425e-02 5.848791e-02 7.324318e-02 7.115641e-02 5.541415e-02 6.008890e-02 
145 1741 6.810602e-02 0 0 5.285029e-02 6.716518e-02 5.892049e-02 5.923514e-02 6.084269e-02 6.187621e-02 6.531810e-02 6.363222e-02 5.373123e-02 6.626516e-02 6.003680e-02 5.807838e-02 4.967296e-02 5.958179e-02 7.473078e-02 7.177205e-02 5.586607e-02 6.113948e-02 
146 1753 7.033363e-02 0 0 5.434666e-02 6.961348e-02 6.094737e-02 6.129840e-02 6.366061e-02 6.521628e-02 6.750860e-02 6.581974e-02 5.562156e-02 6.957406e-02 6.169168e-02 5.969192e-02 5.159313e-02 6.138633e-02 7.697461e-02 7.424224e-02 5.753010e-02 6.320152e-02 
147 1765 6.984755e-02 0 0 5.440693e-02 6.875387e-02 6.063989e-02 6.080326e-02 6.318410e-02 6.509327e-02 6.685356e-02 6.530923e-02 5.585383e-02 6.935497e-02 6.128128e-02 5.894856e-02 5.106272e-02 6.120778e-02 7.674774e-02 7.446670e-02 5.708269e-02 6.291561e-02 
148 1777 7.315470e-02 0 0 5.716070e-02 7.190511e-02 6.322401e-02 6.416238e-02 6.580589e-02 6.881146e-02 6.968364e-02 6.849173e-02 5.854503e-02 7.255243e-02 6.415461e-02 6.132758e-02 5.406101e-02 6.446155e-02 7.995369e-02 7.795795e-02 6.031144e-02 6.667911e-02 
149 1789 7.516612e-02 0 0 5.878813e-02 7.401976e-02 6.568634e-02 6.559511e-02 6.733462e-02 7.056849e-02 7.163828e-02 7.025320e-02 5.983805e-02 7.548610e-02 6.579464e-02 6.281988e-02 5.550022e-02 6.731730e-02 8.188366e-02 7.990092e-02 6.206233e-02 6.847898e-02 
150 1801 7.398218e-02 0 0 5.751783e-02 7.251295e-02 6.451734e-02 6.439960e-02 6.598996e-02 6.947400e-02 7.013877e-02 6.867218e-02 5.882439e-02 7.461055e-02 6.534693e-02 6.152952e-02 5.425382e-02 6.624001e-02 8.006034e-02 7.822527e-02 6.137276e-02 6.736785e-02 
151 1813 7.141384e-02 0 0 5.571653e-02 7.007575e-02 6.219472e-02 6.180089e-02 6.339326e-02 6.676953e-02 6.726807e-02 6.599540e-02 5.653866e-02 7.311381e-02 6.424918e-02 5.903432e-02 5.216225e-02 6.384065e-02 7.676705e-02 7.504301e-02 5.916298e-02 6.492096e-02 
152 1825 6.802477e-02 0 0 5.292581e-02 6.684165e-02 5.883535e-02 5.864595e-02 6.007095e-02 6.323297e-02 6.381364e-02 6.270112e-02 5.399883e-02 6.950899e-02 6.173209e-02 5.609810e-02 4.948030e-02 6.069158e-02 7.277608e-02 7.153248e-02 5.607323e-02 6.186258e-02 
153 1837 6.567926e-02 0 0 5.097478e-02 6.427243e-02 5.644504e-02 5.702890e-02 5.835413e-02 6.087846e-02 6.116393e-02 6.081870e-02 5.182565e-02 6.681196e-02 5.964461e-02 5.409160e-02 4.775614e-02 5.841277e-02 6.998973e-02 6.905813e-02 5.381813e-02 5.970480e-02 
154 1849 6.363683e-02 0 0 4.936732e-02 6.247731e-02 5.431032e-02 5.497561e-02 5.637718e-02 5.868561e-02 5.892383e-02 5.916749e-02 5.030032e-02 6.447156e-02 5.754312e-02 5.215614e-02 4.604115e-02 5.627026e-02 6.745155e-02 6.673797e-02 5.246012e-02 5.766133e-02 
155 1861 6.483727e-02 0 0 5.039584e-02 6.325419e-02 5.501436e-02 5.609056e-02 5.720043e-02 5.941129e-02 5.969801e-02 6.035387e-02 5.218611e-02 6.603552e-02 5.841918e-02 5.321989e-02 4.664606e-02 5.710448e-02 6.835383e-02 6.784726e-02 5.393737e-02 5.865192e-02 
156 1873 6.620145e-02 0 0 5.147981e-02 6.447864e-02 5.579834e-02 5.721052e-02 5.840289e-02 6.053938e-02 6.065880e-02 6.253131e-02 5.399836e-02 6.749782e-02 5.929084e-02 5.432838e-02 4.738297e-02 5.863729e-02 6.961748e-02 6.906418e-02 5.518810e-02 6.061510e-02 
157 1885 6.563735e-02 0 0 5.072159e-02 6.346161e-02 5.501909e-02 5.648789e-02 5.754561e-02 5.996484e-02 6.002046e-02 6.175406e-02 5.386941e-02 6.666593e-02 5.838978e-02 5.362301e-02 4.672227e-02 5.799103e-02 6.929861e-02 6.864596e-02 5.482081e-02 6.036011e-02 
158 1897 6.384382e-02 0 0 4.905783e-02 6.158479e-02 5.320873e-02 5.473411e-02 5.652362e-02 5.841517e-02 5.817884e-02 5.984812e-02 5.253816e-02 6.459507e-02 5.680185e-02 5.194942e-02 4.539527e-02 5.612744e-02 6.776122e-02 6.647736e-02 5.364321e-02 5.870975e-02 
159 1909 6.176490e-02 0 0 4.751084e-02 5.977935e-02 5.115935e-02 5.262846e-02 5.461061e-02 5.652222e-02 5.638298e-02 5.767331e-02 5.072584e-02 6.208683e-02 5.493652e-02 5.000914e-02 4.364366e-02 5.408096e-02 6.595602e-02 6.409254e-02 5.175242e-02 5.646473e-02 
160 1921 5.901744e-02 0 0 4.559425e-02 5.725167e-02 4.854556e-02 5.014127e-02 5.194647e-02 5.385522e-02 5.473284e-02 5.497296e-02 4.827709e-02 5.914234e-02 5.232873e-02 4.758819e-02 4.151676e-02 5.149461e-02 6.299065e-02 6.149901e-02 4.927077e-02 5.392986e-02 
161 1933 5.613127e-02 0 0 4.322776e-02 5.444369e-02 4.593030e-02 4.744826e-02 4.937452e-02 5.094448e-02 5.206918e-02 5.228904e-02 4.576190e-02 5.603471e-02 4.966855e-02 4.496175e-02 3.937843e-02 4.873156e-02 5.979892e-02 5.821855e-02 4.670534e-02 5.105261e-02 
162 1945 5.408427e-02 0 0 4.173704e-02 5.287899e-02 4.404146e-02 4.543853e-02 4.742290e-02 4.923113e-02 5.019401e-02 5.024102e-02 4.398206e-02 5.380452e-02 4.786099e-02 4.304963e-02 3.772267e-02 4.706732e-02 5.756157e-02 5.627841e-02 4.559779e-02 4.999152e-02 
163 1957 5.309113e-02 0 0 4.113210e-02 5.182683e-02 4.345103e-02 4.461613e-02 4.666184e-02 4.868614e-02 4.946018e-02 4.927183e-02 4.332248e-02 5.244428e-02 4.670553e-02 4.208437e-02 3.695858e-02 4.601612e-02 5.669714e-02 5.547095e-02 4.474855e-02 4.889716e-02 
164 1969 5.277459e-02 0 0 4.070609e-02 5.172211e-02 4.340063e-02 4.469446e-02 4.609935e-02 4.839535e-02 4.948664e-02 4.868009e-02 4.299058e-02 5.188482e-02 4.684683e-02 4.158326e-02 3.657906e-02 4.558746e-02 5.626490e-02 5.482691e-02 4.434875e-02 4.844442e-02 
165 1981 5.155648e-02 0 0 3.967036e-02 5.060163e-02 4.235348e-02 4.383992e-02 4.483576e-02 4.699230e-02 4.839503e-02 4.733863e-02 4.178426e-02 5.045323e-02 4.567229e-02 4.054644e-02 3.549682e-02 4.434240e-02 5.506697e-02 5.330689e-02 4.343833e-02 4.729696e-02 
166 1993 4.981180e-02 0 0 3.817826e-02 4.930204e-02 4.129901e-02 4.221440e-02 4.309999e-02 4.540201e-02 4.667840e-02 4.558372e-02 4.047491e-02 4.884165e-02 4.412999e-02 3.903532e-02 3.416725e-02 4.274972e-02 5.523652e-02 5.170357e-02 4.192297e-02 4.579880e-02 
167 2005 4.994132e-02 0 0 3.807352e-02 4.980578e-02 4.152164e-02 4.218005e-02 4.293394e-02 4.533520e-02 4.679544e-02 4.543674e-02 4.040508e-02 4.902260e-02 4.421987e-02 3.927620e-02 3.422621e-02 4.353792e-02 5.543320e-02 5.169964e-02 4.188257e-02 4.599738e-02 
168 2017 5.005860e-02 0 0 3.798265e-02 5.010688e-02 4.177297e-02 4.202029e-02 4.307943e-02 4.517246e-02 4.682969e-02 4.529606e-02 4.034962e-02 4.897182e-02 4.478631e-02 3.978090e-02 3.436727e-02 4.387644e-02 5.521382e-02 5.162485e-02 4.177291e-02 4.609838e-02 
169 2029 5.014285e-02 0 0 3.790579e-02 5.024122e-02 4.184811e-02 4.185775e-02 4.339831e-02 4.505174e-02 4.684164e-02 4.520049e-02 4.022923e-02 4.915632e-02 4.508092e-02 4.017192e-02 3.441621e-02 4.382382e-02 5.493454e-02 5.149048e-02 4.224506e-02 4.612169e-02 
170 2041 5.241615e-02 0 0 3.942390e-02 5.353135e-02 4.357517e-02 4.360963e-02 4.620073e-02 4.707800e-02 4.871567e-02 4.720135e-02 4.207212e-02 5.244185e-02 4.738873e-02 4.196603e-02 3.658966e-02 4.640315e-02 5.747288e-02 5.370513e-02 4.394769e-02 4.810615e-02 
171 2053 5.278129e-02 0 0 3.947210e-02 5.395117e-02 4.414633e-02 4.372290e-02 4.673453e-02 4.730375e-02 4.906558e-02 4.757598e-02 4.258609e-02 5.294515e-02 4.820483e-02 4.217901e-02 3.692015e-02 4.677639e-02 5.766345e-02 5.423778e-02 4.404762e-02 4.825601e-02 
172 2065 5.335827e-02 0 0 3.963768e-02 5.470210e-02 4.532498e-02 4.398694e-02 4.728408e-02 4.789159e-02 5.000385e-02 4.807861e-02 4.312451e-02 5.393113e-02 4.865345e-02 4.249331e-02 3.733706e-02 4.708086e-02 5.830191e-02 5.451137e-02 4.448647e-02 4.862080e-02 
173 2077 5.180826e-02 0 0 3.855731e-02 5.296244e-02 4.400531e-02 4.259247e-02 4.582316e-02 4.642115e-02 4.848815e-02 4.679984e-02 4.211402e-02 5.245157e-02 4.719580e-02 4.118568e-02 3.612214e-02 4.549471e-02 5.644864e-02 5.291916e-02 4.318916e-02 4.694000e-02 
174 2089 5.169537e-02 0 0 3.839684e-02 5.284454e-02 4.392537e-02 4.234307e-02 4.554034e-02 4.640966e-02 4.836357e-02 4.719037e-02 4.190080e-02 5.225540e-02 4.736016e-02 4.120733e-02 3.593447e-02 4.537799e-02 5.615380e-02 5.272815e-02 4.308170e-02 4.663154e-02 
175 2101 5.122944e-02 0 0 3.785814e-02 5.274800e-02 4.342755e-02 4.175222e-02 4.506639e-02 4.591686e-02 4.878188e-02 4.658920e-02 4.185766e-02 5.186451e-02 4.714158e-02 4.095616e-02 3.542196e-02 4.472637e-02 5.665956e-02 5.252297e-02 4.243872e-02 4.633015e-02 
176 2113 4.985313e-02 0 0 3.709032e-02 5.165776e-02 4.209416e-02 4.057139e-02 4.386134e-02 4.456134e-02 4.750653e-02 4.555909e-02 4.073730e-02 5.065799e-02 4.562635e-02 3.986192e-02 3.429297e-02 4.335930e-02 5.581924e-02 5.095508e-02 4.119295e-02 4.486396e-02 
177 2125 4.908407e-02 0 0 3.640394e-02 5.114288e-02 4.118099e-02 3.971066e-02 4.311917e-02 4.374825e-02 4.688300e-02 4.460558e-02 4.001612e-02 4.973043e-02 4.521271e-02 3.906223e-02 3.354602e-02 4.242719e-02 5.548966e-02 5.037506e-02 4.033010e-02 4.389276e-02 
178 2137 4.630606e-02 0 0 3.428348e-02 4.855312e-02 3.883979e-02 3.735365e-02 4.044099e-02 4.129855e-02 4.423872e-02 4.190898e-02 3.777888e-02 4.693132e-02 4.242891e-02 3.662438e-02 3.173902e-02 3.979720e-02 5.254220e-02 4.729825e-02 3.805415e-02 4.119744e-02 
179 2149 4.474447e-02 0 0 3.306225e-02 4.684502e-02 3.750955e-02 3.603443e-02 3.895690e-02 4.020269e-02 4.260451e-02 4.037975e-02 3.637095e-02 4.515971e-02 4.115128e-02 3.560159e-02 3.072054e-02 3.841723e-02 5.073825e-02 4.552300e-02 3.670249e-02 3.953640e-02 
180 2161 4.404541e-02 0 0 3.247066e-02 4.653108e-02 3.689629e-02 3.551680e-02 3.849250e-02 3.945620e-02 4.196401e-02 3.951951e-02 3.564885e-02 4.516668e-02 4.053159e-02 3.495258e-02 3.044702e-02 3.806830e-02 5.004658e-02 4.469733e-02 3.631731e-02 3.871506e-02 
181 2173 4.415116e-02 0 0 3.233755e-02 4.647789e-02 3.725229e-02 3.538730e-02 3.850575e-02 3.991498e-02 4.199872e-02 3.956674e-02 3.567879e-02 4.549855e-02 4.050873e-02 3.500593e-02 3.053890e-02 3.802238e-02 5.009583e-02 4.474683e-02 3.654304e-02 3.875534e-02 
182 2185 4.527986e-02 0 0 3.295703e-02 4.743375e-02 3.821403e-02 3.630634e-02 3.940181e-02 4.103972e-02 4.334089e-02 4.037620e-02 3.667686e-02 4.639067e-02 4.167797e-02 3.601136e-02 3.121453e-02 3.890466e-02 5.106812e-02 4.580521e-02 3.756752e-02 3.976830e-02 
183 2197 4.435257e-02 0 0 3.213231e-02 4.614450e-02 3.732482e-02 3.556245e-02 3.850874e-02 4.038653e-02 4.238605e-02 3.948705e-02 3.589434e-02 4.517039e-02 4.056942e-02 3.524269e-02 3.056172e-02 3.825484e-02 5.011747e-02 4.479637e-02 3.655344e-02 3.918057e-02 
184 2209 4.391775e-02 0 0 3.169660e-02 4.619222e-02 3.676008e-02 3.524657e-02 3.801690e-02 3.989553e-02 4.284300e-02 3.892342e-02 3.560051e-02 4.495334e-02 4.050759e-02 3.491392e-02 3.038235e-02 3.778173e-02 4.982601e-02 4.415813e-02 3.602406e-02 3.894813e-02 
185 2221 4.432078e-02 0 0 3.192899e-02 4.685517e-02 3.705832e-02 3.544072e-02 3.814925e-02 4.086641e-02 4.385475e-02 3.932014e-02 3.572393e-02 4.568134e-02 4.069165e-02 3.523069e-02 3.044879e-02 3.804256e-02 5.020640e-02 4.489118e-02 3.637883e-02 3.916842e-02 
186 2233 4.309212e-02 0 0 3.089313e-02 4.558734e-02 3.618827e-02 3.453705e-02 3.747649e-02 3.975388e-02 4.287240e-02 3.800449e-02 3.460039e-02 4.427753e-02 3.933541e-02 3.407077e-02 2.948054e-02 3.678275e-02 4.863328e-02 4.364009e-02 3.528365e-02 3.795072e-02 
187 2245 4.112488e-02 0 0 2.952489e-02 4.338702e-02 3.442460e-02 3.293571e-02 3.559920e-02 3.781330e-02 4.090163e-02 3.608227e-02 3.294138e-02 4.204787e-02 3.731095e-02 3.275058e-02 2.805812e-02 3.502061e-02 4.614852e-02 4.144207e-02 3.354918e-02 3.614725e-02 
188 2257 4.008269e-02 0 0 2.871868e-02 4.236612e-02 3.371967e-02 3.192933e-02 3.469323e-02 3.728556e-02 3.996367e-02 3.506378e-02 3.244963e-02 4.164563e-02 3.614846e-02 3.185459e-02 2.724117e-02 3.415643e-02 4.488426e-02 4.042911e-02 3.256587e-02 3.510401e-02 
189 2269 3.946147e-02 0 0 2.851045e-02 4.193306e-02 3.311825e-02 3.141927e-02 3.412047e-02 3.678644e-02 3.951012e-02 3.450497e-02 3.182394e-02 4.171598e-02 3.536843e-02 3.128625e-02 2.681839e-02 3.355891e-02 4.415938e-02 3.977135e-02 3.196846e-02 3.438174e-02 
190 2281 3.777171e-02 0 0 2.718442e-02 4.007773e-02 3.165599e-02 3.006090e-02 3.264815e-02 3.524004e-02 3.792814e-02 3.297401e-02 3.030428e-02 3.990394e-02 3.362029e-02 3.037901e-02 2.549056e-02 3.195899e-02 4.226027e-02 3.789139e-02 3.040802e-02 3.285713e-02 
191 2293 3.622678e-02 0 0 2.636006e-02 3.834799e-02 3.034507e-02 2.866896e-02 3.169507e-02 3.380669e-02 3.625473e-02 3.144642e-02 2.899359e-02 3.865031e-02 3.238644e-02 2.933074e-02 2.436117e-02 3.052453e-02 4.039853e-02 3.629248e-02 2.925712e-02 3.135264e-02 
192 2305 3.638484e-02 0 0 2.659052e-02 3.870226e-02 3.038293e-02 2.881413e-02 3.176845e-02 3.387901e-02 3.664651e-02 3.165261e-02 2.895391e-02 3.894482e-02 3.241928e-02 2.964616e-02 2.435355e-02 3.050163e-02 4.051645e-02 3.630540e-02 2.944549e-02 3.137358e-02 
193 2317 3.687825e-02 0 0 2.693075e-02 3.937624e-02 3.082981e-02 2.917729e-02 3.211851e-02 3.430037e-02 3.711830e-02 3.195678e-02 2.930583e-02 3.930983e-02 3.275468e-02 3.003672e-02 2.468193e-02 3.074062e-02 4.128472e-02 3.683693e-02 3.002596e-02 3.163356e-02 
194 2329 3.815811e-02 0 0 2.873899e-02 4.090526e-02 3.185862e-02 3.010778e-02 3.304338e-02 3.541786e-02 3.828781e-02 3.291657e-02 3.030838e-02 4.078133e-02 3.373854e-02 3.128642e-02 2.541623e-02 3.174556e-02 4.282045e-02 3.787692e-02 3.122705e-02 3.255266e-02 
195 2341 3.900476e-02 0 0 2.958809e-02 4.209817e-02 3.239202e-02 3.074013e-02 3.356331e-02 3.603376e-02 3.927737e-02 3.415777e-02 3.085000e-02 4.153191e-02 3.437494e-02 3.186634e-02 2.607482e-02 3.276373e-02 4.406401e-02 3.919519e-02 3.202189e-02 3.360908e-02 
196 2353 4.062395e-02 0 0 3.100214e-02 4.416443e-02 3.367455e-02 3.207479e-02 3.479374e-02 3.726998e-02 4.094842e-02 3.558745e-02 3.197066e-02 4.337622e-02 3.561171e-02 3.329630e-02 2.708743e-02 3.418239e-02 4.641388e-02 4.068198e-02 3.375021e-02 3.499803e-02 
197 2365 3.886325e-02 0 0 2.969490e-02 4.226918e-02 3.212727e-02 3.060360e-02 3.307883e-02 3.544903e-02 3.901335e-02 3.395002e-02 3.050676e-02 4.152211e-02 3.389523e-02 3.175491e-02 2.573970e-02 3.274268e-02 4.434797e-02 3.872829e-02 3.227904e-02 3.342290e-02 
198 2377 4.005035e-02 0 0 3.123764e-02 4.381726e-02 3.300700e-02 3.136905e-02 3.430604e-02 3.640411e-02 4.041487e-02 3.486432e-02 3.130482e-02 4.325651e-02 3.511873e-02 3.254784e-02 2.644177e-02 3.391483e-02 4.567247e-02 3.973422e-02 3.371746e-02 3.494980e-02 
199 2389 4.163560e-02 0 0 3.257744e-02 4.595022e-02 3.439238e-02 3.255408e-02 3.564908e-02 3.758014e-02 4.193707e-02 3.647777e-02 3.253038e-02 4.479652e-02 3.639724e-02 3.369958e-02 2.744151e-02 3.538538e-02 4.739659e-02 4.104608e-02 3.523390e-02 3.691107e-02 
200 2401 4.301669e-02 0 0 3.386870e-02 4.758919e-02 3.593361e-02 3.382037e-02 3.759112e-02 3.900955e-02 4.320032e-02 3.747175e-02 3.367189e-02 4.650777e-02 3.758870e-02 3.473185e-02 2.827872e-02 3.638791e-02 4.912072e-02 4.225803e-02 3.638074e-02 3.847747e-02 
201 2413 4.570930e-02 0 0 3.607003e-02 5.056255e-02 3.864101e-02 3.612273e-02 4.051902e-02 4.139354e-02 4.600529e-02 3.994573e-02 3.573309e-02 4.954433e-02 4.015211e-02 3.673927e-02 2.989347e-02 3.881324e-02 5.302895e-02 4.475751e-02 3.861222e-02 4.113282e-02 
202 2425 4.706912e-02 0 0 3.717129e-02 5.177341e-02 3.982648e-02 3.719517e-02 4.183590e-02 4.236064e-02 4.729000e-02 4.104862e-02 3.665671e-02 5.139252e-02 4.126939e-02 3.767858e-02 3.073858e-02 3.992373e-02 5.467808e-02 4.580391e-02 3.960033e-02 4.307041e-02 
203 2437 4.761912e-02 0 0 3.755065e-02 5.225192e-02 4.031103e-02 3.738687e-02 4.229439e-02 4.275878e-02 4.760402e-02 4.147916e-02 3.699675e-02 5.240500e-02 4.163259e-02 3.833091e-02 3.099371e-02 4.031932e-02 5.559228e-02 4.609648e-02 4.049720e-02 4.389193e-02 
204 2449 4.654121e-02 0 0 3.663242e-02 5.116699e-02 3.945290e-02 3.637782e-02 4.148024e-02 4.156827e-02 4.623241e-02 4.051421e-02 3.608412e-02 5.148014e-02 4.048095e-02 3.737375e-02 3.010654e-02 3.925163e-02 5.431986e-02 4.479106e-02 3.960506e-02 4.296807e-02 
205 2461 4.521663e-02 0 0 3.543260e-02 4.984512e-02 3.823549e-02 3.522716e-02 4.018893e-02 4.010979e-02 4.483300e-02 3.920248e-02 3.526928e-02 5.092752e-02 3.942024e-02 3.635378e-02 2.916305e-02 3.822895e-02 5.351172e-02 4.392122e-02 3.839008e-02 4.164442e-02 
206 2473 4.500329e-02 0 0 3.613737e-02 4.972156e-02 3.796139e-02 3.495982e-02 3.984407e-02 3.973904e-02 4.458448e-02 3.881369e-02 3.517926e-02 5.093202e-02 3.902274e-02 3.623259e-02 2.887487e-02 3.792097e-02 5.312561e-02 4.366526e-02 3.895846e-02 4.151325e-02 
207 2485 4.480576e-02 0 0 3.644954e-02 4.929328e-02 3.782775e-02 3.458023e-02 3.943452e-02 3.932186e-02 4.414680e-02 3.841909e-02 3.490125e-02 5.099409e-02 3.866680e-02 3.599482e-02 2.858589e-02 3.765325e-02 5.266229e-02 4.345716e-02 3.889662e-02 4.180142e-02 
208 2497 4.309900e-02 0 0 3.527354e-02 4.783538e-02 3.622836e-02 3.307110e-02 3.793732e-02 3.786197e-02 4.267514e-02 3.757953e-02 3.352327e-02 4.923753e-02 3.729567e-02 3.450958e-02 2.742387e-02 3.631315e-02 5.084939e-02 4.161481e-02 3.738619e-02 4.009406e-02 
209 2509 4.193507e-02 0 0 3.420285e-02 4.668734e-02 3.511863e-02 3.198929e-02 3.687204e-02 3.716621e-02 4.164213e-02 3.648186e-02 3.252317e-02 4.840456e-02 3.625329e-02 3.356149e-02 2.656811e-02 3.511386e-02 4.937465e-02 4.028626e-02 3.619820e-02 3.890906e-02 
210 2521 3.948152e-02 0 0 3.228138e-02 4.439771e-02 3.287075e-02 2.995532e-02 3.482861e-02 3.516331e-02 3.944553e-02 3.418348e-02 3.045576e-02 4.585701e-02 3.397828e-02 3.155070e-02 2.489883e-02 3.291008e-02 4.687728e-02 3.855189e-02 3.430248e-02 3.671394e-02 
211 2533 3.794676e-02 0 0 3.104080e-02 4.241685e-02 3.158667e-02 2.915342e-02 3.330660e-02 3.364087e-02 3.771123e-02 3.285338e-02 2.914388e-02 4.399050e-02 3.255117e-02 3.033142e-02 2.380403e-02 3.144342e-02 4.491250e-02 3.744273e-02 3.300804e-02 3.530005e-02 
212 2545 3.567813e-02 0 0 2.918154e-02 3.969216e-02 2.951197e-02 2.727346e-02 3.111784e-02 3.144468e-02 3.533197e-02 3.082607e-02 2.722423e-02 4.112737e-02 3.051786e-02 2.845957e-02 2.235991e-02 2.961502e-02 4.198152e-02 3.514641e-02 3.084389e-02 3.304477e-02 
213 2557 3.393033e-02 0 0 2.764752e-02 3.787799e-02 2.791832e-02 2.579275e-02 2.941238e-02 2.974861e-02 3.418298e-02 2.918006e-02 2.593010e-02 3.895314e-02 2.893736e-02 2.710148e-02 2.118399e-02 2.804249e-02 4.022376e-02 3.353554e-02 2.921325e-02 3.130335e-02 
214 2569 3.252681e-02 0 0 2.650541e-02 3.623775e-02 2.662763e-02 2.464885e-02 2.822870e-02 2.859732e-02 3.297754e-02 2.797677e-02 2.482031e-02 3.752429e-02 2.769636e-02 2.585165e-02 2.025715e-02 2.682685e-02 3.863146e-02 3.219398e-02 2.790422e-02 3.003924e-02 
215 2581 3.168024e-02 0 0 2.565780e-02 3.517727e-02 2.582115e-02 2.401903e-02 2.744791e-02 2.780021e-02 3.198727e-02 2.727171e-02 2.409468e-02 3.653328e-02 2.686394e-02 2.513974e-02 1.968205e-02 2.606514e-02 3.768404e-02 3.158516e-02 2.711394e-02 2.912917e-02 
216 2593 3.218532e-02 0 0 2.594912e-02 3.588299e-02 2.639169e-02 2.439874e-02 2.771219e-02 2.830608e-02 3.239047e-02 2.772886e-02 2.444187e-02 3.709412e-02 2.726798e-02 2.559104e-02 2.001422e-02 2.641448e-02 3.830148e-02 3.216442e-02 2.788980e-02 2.946118e-02 
217 2605 3.315680e-02 0 0 2.653501e-02 3.686840e-02 2.718091e-02 2.527054e-02 2.844851e-02 2.939908e-02 3.325828e-02 2.838795e-02 2.513475e-02 3.818486e-02 2.802643e-02 2.651214e-02 2.053044e-02 2.705058e-02 3.977473e-02 3.309902e-02 2.863858e-02 3.020135e-02 
218 2617 3.201373e-02 0 0 2.544661e-02 3.538550e-02 2.612439e-02 2.442705e-02 2.732705e-02 2.833324e-02 3.198196e-02 2.727283e-02 2.413633e-02 3.698960e-02 2.694197e-02 2.551837e-02 1.977399e-02 2.608512e-02 3.843704e-02 3.199688e-02 2.761421e-02 2.896712e-02 
219 2629 3.108250e-02 0 0 2.477886e-02 3.417289e-02 2.532396e-02 2.378874e-02 2.667468e-02 2.753602e-02 3.101761e-02 2.636408e-02 2.339319e-02 3.583468e-02 2.609738e-02 2.474364e-02 1.916232e-02 2.522776e-02 3.730470e-02 3.102265e-02 2.674156e-02 2.801383e-02 
220 2641 2.943070e-02 0 0 2.338247e-02 3.228888e-02 2.391303e-02 2.253649e-02 2.513843e-02 2.599213e-02 2.919991e-02 2.492942e-02 2.203747e-02 3.382507e-02 2.461892e-02 2.340528e-02 1.806143e-02 2.386114e-02 3.519619e-02 2.925290e-02 2.522290e-02 2.636220e-02 
221 2653 2.845516e-02 0 0 2.267971e-02 3.135120e-02 2.314778e-02 2.177741e-02 2.429280e-02 2.499598e-02 2.819046e-02 2.410684e-02 2.118440e-02 3.275658e-02 2.371721e-02 2.306738e-02 1.742107e-02 2.312259e-02 3.406591e-02 2.857609e-02 2.431850e-02 2.542860e-02 
222 2665 2.763385e-02 0 0 2.198555e-02 3.038993e-02 2.257945e-02 2.132862e-02 2.378316e-02 2.417648e-02 2.734356e-02 2.336305e-02 2.050654e-02 3.162709e-02 2.298639e-02 2.240949e-02 1.684858e-02 2.262125e-02 3.287996e-02 2.763408e-02 2.346875e-02 2.504198e-02 
223 2677 2.673489e-02 0 0 2.120944e-02 2.938310e-02 2.198509e-02 2.067039e-02 2.305643e-02 2.334801e-02 2.639268e-02 2.254097e-02 1.973454e-02 3.040300e-02 2.211763e-02 2.166737e-02 1.620691e-02 2.190782e-02 3.171796e-02 2.662200e-02 2.263243e-02 2.420020e-02 
224 2689 2.536480e-02 0 0 2.004406e-02 2.782041e-02 2.086452e-02 1.962070e-02 2.198902e-02 2.214762e-02 2.490852e-02 2.129289e-02 1.878364e-02 2.871215e-02 2.093547e-02 2.052123e-02 1.533520e-02 2.081073e-02 3.004579e-02 2.514810e-02 2.156657e-02 2.291606e-02 
225 2701 2.544055e-02 0 0 2.022414e-02 2.817141e-02 2.089404e-02 1.969242e-02 2.198047e-02 2.216899e-02 2.495367e-02 2.136393e-02 1.877854e-02 2.872660e-02 2.087836e-02 2.060318e-02 1.531604e-02 2.084442e-02 3.041741e-02 2.521165e-02 2.184808e-02 2.327218e-02 
226 2713 2.658589e-02 0 0 2.137015e-02 2.954963e-02 2.170514e-02 2.047045e-02 2.285594e-02 2.328078e-02 2.634364e-02 2.231915e-02 1.966771e-02 2.986423e-02 2.182909e-02 2.168187e-02 1.597780e-02 2.180192e-02 3.261806e-02 2.651714e-02 2.281644e-02 2.450205e-02 
227 2725 2.558800e-02 0 0 2.064631e-02 2.838404e-02 2.085464e-02 1.958000e-02 2.195838e-02 2.231220e-02 2.540210e-02 2.157749e-02 1.886574e-02 2.858719e-02 2.096812e-02 2.080751e-02 1.534510e-02 2.090753e-02 3.150843e-02 2.546186e-02 2.198764e-02 2.352119e-02 
228 2737 2.522750e-02 0 0 2.054013e-02 2.785678e-02 2.083978e-02 1.919963e-02 2.157082e-02 2.192207e-02 2.491329e-02 2.127801e-02 1.854562e-02 2.865163e-02 2.061277e-02 2.077993e-02 1.506393e-02 2.062565e-02 3.098003e-02 2.497857e-02 2.153958e-02 2.339009e-02 
229 2749 2.454871e-02 0 0 2.000502e-02 2.707986e-02 2.021440e-02 1.859391e-02 2.089255e-02 2.125512e-02 2.420609e-02 2.059783e-02 1.802738e-02 2.805840e-02 2.006726e-02 2.025895e-02 1.457383e-02 1.994329e-02 3.001328e-02 2.422539e-02 2.088729e-02 2.282492e-02 
230 2761 2.428636e-02 0 0 1.991152e-02 2.694252e-02 1.988639e-02 1.826473e-02 2.057883e-02 2.093244e-02 2.399080e-02 2.025002e-02 1.774110e-02 2.782777e-02 1.986619e-02 2.026306e-02 1.432818e-02 1.961277e-02 2.952429e-02 2.385527e-02 2.085961e-02 2.245826e-02 
231 2773 2.488983e-02 0 0 2.037351e-02 2.774587e-02 2.034915e-02 1.861670e-02 2.095009e-02 2.133913e-02 2.457306e-02 2.075770e-02 1.807283e-02 2.886304e-02 2.040820e-02 2.128787e-02 1.464630e-02 2.009214e-02 3.011577e-02 2.430381e-02 2.145210e-02 2.293454e-02 
